채용공고명,포지션 상세,주요 업무,자격 요건,우대사항,혜택 및 복지,채용 전형,태그,마감일,면접리뷰,회사위치,회사명
FP&A Specialist,"즐거움은 놀이에서 시작합니다.
모노리스는 놀이의 본질인 일탈성과 자유로움을 지키면서 현대 사회의 즐거움에 맞게 시공간을 확장한 새로운 개념의 스마트파크(Smart Park)를 기획, 개발합니다. 그 첫 번째로 Gravity Racer와 ICT가 융합된 ""9.81파크""를 2020년 제주도 애월에 오픈 하였습니다.

스마트파크는 기술을 통해 놀이와 공간의 모든 요소를 네트워크로 통합하고, 나 뿐만 아니라 놀이를 함께 경험한, 또 경험할 수 있는 사람들을 연결하여 지속적으로 확장되는 현대적 놀이의 장(場)으로, 대표적으로는 스포츠, 온라인게임, 테마파크의 특장점이 융합된 공간이라고 할 수 있습니다.

모노리스 팀은 파크의 기획부터 디자인, 인허가, 건축설계, 하드웨어 개발, 소프트웨어 및 시스템 개발, 마케팅, 파크 운영까지 다양한 분야의 전문가들로 구성되어 있으며, 독특한 경력과 개성을 가지고 있습니다. 오프라인과 온라인의 통합, 하드웨어와 소프트웨어의 통합을 통해 새로운 즐거움을 만들어가며, 함께 스마트하게 일하고 신나게 성장해 나갈 여러분을 기다립니다.

[참고기사]
尹 UAE 순방에 관광벤처 동행… ""중동 시장진출 신호탄 기대 - 이데일리, 2023년 1월","• 재무 예측 및 자금 관리
• 주요 재무적/비재무적 지표를 설계하고 수치화하여 경영진 의사결정 지원
• 중장기 사업 전략에 대한 재무 모델링 분석을 통한 타당성 검토
• 정기적인 경영성과 분석 및 투자사 대상 리포팅 업무 지원
• CEO IR 활동 지원","• 관련 업무 10년 이상 경험자
• 자기 주도적으로 업무를 수행하는 능력과 의지가 있는 분
• 신중한 분석과 현실적인 가정에 기반하여 논리적 설명이 가능하신 분","• 비니지스 수준의 영어 커뮤니케이션과 문서작성이 가능하신 분
• IR 관련 자료 작성 및 미팅 경험이 있는 분
• 상장 또는 상장을 준비 중인 기업에서 근무 경험이 있는 분","• 월 단위 자율출퇴근 (코어타임 13~16시)
• 자유로운 연차 사용
• 근무지로 여의도 사무실 또는 9.81파크 제주 사무실 선택 가능
• 대학종합병원 건강검진 지원
• 분기 별 9.81파크 할인쿠폰 지급
• 9.81파크 내 굿즈샵 및 카페 이용 시 직원 할인
• 신규입사자 9.81파크 체험 프로그램 지원","• 1차 실무 면접 : 1대多 실무진 면접
• 2차 컬쳐핏 면접 : 1대多 경영진 면접
• 처우협상
• 입사확정","건강검진지원, 51~300명, 설립4~9년, 연봉상위6~10%, 누적투자100억이상, 유연근무",상시채용,,서울 영등포구,모노리스
Senior Accounting Manager(회계),"클래스101은 '모두가 사랑하는 일을 하며 살 수 있도록'이라는 비전을 가진 팀입니다
불과 한 세대 전까지만 해도 자신이 사랑하는 일을 하고 싶다는 사람들에게 ""그게 돈이 돼?"" ""그걸로 어떻게 먹고 살아?""라는 반문을 쉽게 들을 수 있었습니다. 우리는 이러한 세상의 편견에도 불구하고 그 일을 시작한 사람들을 '크리에이터'라고 부릅니다.
우리는 크리에이터들이 사랑하는 일을 하면서도 멋지게 살 수 있는 세상을 만들고 싶습니다. 한 명이 '가죽공예를 하면서도 충분히 성공할 수 있어' 하면 다른 누군가는 ‘내가 사랑하는 일을 하면서도 멋지게 살 거야.’라고 자연스럽게 말하는 세상을 꿈꿉니다. 그리고 그 범위를 주식, 직무, 게임, 부동산, 영어, 드로잉 등 세상 모든 분야로 확장하고 있습니다.

2024년, 왜 지금 클래스101에 합류해야 할까요?

1.클래스101은 여전히 대한민국 러닝 시장에서 압도적인 인지도의 브랜드입니다.
2018년 3월 첫 서비스 시작 이후, 클래스101은 13만 명 이상의 크리에이터, 6,000개 이상의 클래스, 430만 명 이상의 가입자와 함께했습니다. 현재 자타공인 대한민국 러닝 시장에서 압도적인 트래픽을 자랑하고 있으며, 대한민국에서 인정받은 크리에이터들의 클래스 성공 방정식을 일본 시장에도 적용하여 꾸준히 성장하고 있습니다.
비슷한 비즈니스 모델을 가진 경쟁사가 늘어나고 있지만, 클래스101의 방대한 콘텐츠와 그 제작 노하우는 단기간에 따라잡을 수 없는 강력한 경쟁력, 즉 비즈니스 해자를 형성하고 있습니다.

2. 길었던 콘텐츠 투자 이후 비즈니스적으로 급성장하는 시기입니다.
클래스101의 재무 구조에 대한 비판적 시선이 있었다는 점을 잘 알고 있습니다. 그러나 클래스101은 과거 5년간 6,000개 이상의 콘텐츠를 기획하고 제작하는 데 큰 자본 투자를 했고, 그 결과 수십만 명의 유료 구독자를 확보했습니다. 현재는 이 팬덤을 기반으로 6개월 연속 영업 이익 흑자를 내면서 매월 눈에 띄게 성장하고 있습니다. 이제는 다른 경쟁사가 따라잡기 힘든 모든 분야에 걸친 강의와 구독 고객들을 중심으로 각 분야별로 더욱 심화된 콘텐츠를 제공 및 유명 크리에이터와 팬들 간의 다양한 상호작용을 강화하는 시스템을 구축하고 있습니다. 이러한 성장세를 이어서 2026년 현재보다 10배 이상의 가치로 상장을 목표 하고 있습니다.

3. 더 나은 내부 의사결정 시스템과 투명한 커뮤니케이션이 준비되어 있습니다.
과거 클래스101은 내부 의사결정 프로세스의 부족함에 대해서 내외부 팀원들로부터 많은 피드백을 받았습니다. 대표를 포함한 모든 경영진들은 이를 개선하기 위해 2024년 6월 이후 납득 가능한 의사결정 시스템과 투명한 사내 커뮤니케이션 채널을 적극 운영하고 있습니다. 이러한 변화 속에서 과거 경영진에 대해서 아쉬운 마음에 클래스101을 이탈하였던 팀원들이 다시 복귀하며 실제 변화를 체감하고 있다고 이야기 하고 있습니다. 클래스101은 비즈니스 뿐 아니라 문화적으로도 '클래스101 3.0' 시대로의 진입을 하고 있고 다시 한 번 대한민국 내 업무 문화의 트렌드를 이끌어갈 것입니다.

지금이 바로 클래스101에 합류할 최적의 시점입니다.
클래스101은 여러 어려움을 통하여 클래스101만이 가지고 있는 미션의 본질, 비즈니스의 본질을 이제는 너무 잘 이해하고 있습니다. 오직 크리에이터들의 성공만을 기원하는 미션에 몰입한 뛰어난 팀원들이 모여 다시 한 번 위대한 회사를 만들기 위해 최선을 다하고 있습니다.이제 안정적인 성장 기반을 바탕으로 더 큰 도전을 할 시점입니다. 클래스101의 위대한 여정에 지금 합류하세요!","1. 재무제표 작성 및 실적 분석

-매출 및 매입 등 회계처리 검수 및 결산 조정
-월별 매출/비용 검토 및 분석(주요변동 및 증감사유)
-사업부 회계 이슈 검토 및 의견 제시
-본사-자회사 간 내부거래 집계 및 정합성 검증
-회계감사 대응업무


2. 신규 비즈니스 (회계)리스크 검토 및 프로세스 구축 

-신규 비즈니스 수익인식기준 및 충당금 계상 여부 검토
-회계 리스크 검토 및 리스크 관리 프로세스 구축


3. 세무 자료 작성 및 신고

-세무 관련 회사 정책 부합여부 검토 및 의견 제시","-최소 7년 이상 관련 업무 경험자
-MS Office (Excel, PPT, Word) 등을 능숙하게 활용 가능한 분
-GAAP/IFRS 기준에 따른 결산 조정 가능한 분 
-논리적 사고에 의한 문제해결 능력이 뛰어난 분
-다양한 구성원들과 원활히 소통할 수 있는 분","-교통비 지원
야간 근무, 외근, 출장시 KTX 및 택시비 지원

-식사비 지원
평일 저녁 식사비, 주말 출근시 식사비 지원

-다양한 형태의 휴가 사용
연차, 반차, 분 단위 시차 등의 휴가 사용

-업무 환경 지원
고사양의 업무 장비 및 업무 툴 구매 지원

-선택적 근무제 운영
부서별 협의된 집중 근무시간 외 출퇴근 시간 지정 가능

-클래스101 구독 지원
클래스101 모든 클래스 수강 지원

-도서 구매 지원
YES24 북클럽 E-Book 무제한 지원

-교육비 지원
자기 개발 관련 컨퍼런스 및 세미나 교육비 지원

-생일 특별 반차
본인 및 부모님 생일 당일 사용 가능

-결혼기념일 특별 반차
결혼기념일 당일 사용 가능

-졸업 특별 연차","[채용 과정]
• ‘서류전형 -직무인터뷰- 컬쳐 인터뷰-레퍼런스 체크-채용
• 필요 시 전형 과정 중 사전 추가 인터뷰 또는 레퍼런스 체크를 요청할 수 있습니다.",,"51~300명, 설립4~9년, 식대지원, 커피·스낵바, 대출지원, 자기계발지원, AI 선도 기업, 누적투자100억이상",상시채용,"신속 간결한 스타일, 과정 중심 질문, 친절/따뜻한 스타일, 자유롭고 편한 환경",서울 강남구,클래스101(Class101)
AML팀 STR 모니터링 담당자,"Bringing Blockchain into the world.

코인원은 블록체인을 통해 효율적이고 공정한 금융 시장을 만들겠다는 목표로, 가상자산 업계를 선도하는 블록체인 기반 종합 금융 기업으로 발돋움하기 위한 여정을 계속해 나가고 있습니다.

현재 국내 대표 전문 가상자산 거래소 코인원을 중심으로 가상자산 관리, 거래매칭 엔진 등의 블록체인 기반 금융 및 기반 서비스를 제공하고 있으며, ‘10년 연속 보안 무사고', ‘다크코인 거래지원 0건', ’국내 최초 이더리움 거래지원', ‘국내 최초 스테이킹 서비스' 등의 기록을 쓰며 가장 안전하고 혁신적인 거래소로 자리매김 하고 있습니다.
---------------------------------------------------------------------","• 자금세탁 의심거래 모니터링
• STR 보고서 작성
• 테마모니터링 기획
• 기타 AML 담당자 업무","• 2년 이상의 금융권 자금세탁방지 업무 경력이 있는 분(STR 모니터링 포함)
• 자금세탁방지 관련 법령/ 규정과 시스템에 대한 이해를 갖추신 분
• 데이터 분석 능력 및 원활한 커뮤니케이션 능력을 보유하신 분
• 최근 5년 이내 징계 기록이 없는 분","• 자금세탁방지 관련 자격증을 보유하신 분
• 블록체인 및 가상자산에 대한 이해도가 높은 분
• 의심거래보고 추출기준(STR Rule) 관리 경험이 있으신 분","[코인원 Crew만을 위한 복리후생]

# 든든한 밥심을 위해
•﻿  점식,석식 식대 15,000원 지원 
•﻿  간식창고 캔틴 운영
•﻿  사내카페 운영 : 바리스타가 제공하는 커피 및 음료 무제한 지원
•﻿  매달 팀런치 비용 지원
 
# 편안한 휴식을 위해
•﻿  3/5/7년 근속 시 리프레시 휴가 및 상금 지급
•﻿  리조트 제휴 지원

# 크루와 가족의 건강과 안정적인 생활을 위해
•﻿ 프리미엄 종합건강검진 지원
•﻿ 직원 본인과 부양가족의 단체보험 지원 (3대 비급여 포함)

# 높은 업무 집중도를 위해
•﻿  최고급 사양의 디바이스 지급
•﻿  허먼밀러 의자 제공
•﻿  야근 시 택시비 지원
•﻿  업무 관련 교육비/도서 구매 지원
•﻿  워크샵 비용 지원
 
# 크루의 개인생활 지원을 위해
•﻿  생일축하금 지급
•﻿  경조사 휴가/비용 지원
•﻿  명절선물 지급

-------------------

[지원 시 유의사항] 
•﻿  본 채용은 수시 진행으로 우수 인재 채용 시, 절차 진행 중 마감될 수 있습니다.
•﻿  지원서는 수행 프로젝트 중심으로 기술해 주시고 본인 기여도와 프로젝트 성과를 명시하여 주시기 바랍니다.
•﻿  지원서 내용 중 허위사실이 있는 경우, 전형 진행과 합격이 취소될 수 있습니다.
•﻿  전형절차는 직무별 다르게 운영될 수 있으며, 일정 및 상황에 따라 변경될 수 있습니다.
•﻿  면접 합격 안내 후, 처우협의를 거쳐 최종적으로 합류 의사를 전달하는 오퍼레터를 발송하고 있습니다.
•﻿  3개월의 수습기간이 적용됩니다. 수습기간 평가에 따라 수습이 연장되거나 종료될 수 있습니다.
•﻿  국가보훈대상자 및 장애인은 관계 법령에 의거하여 우대하고 있습니다.
•﻿  기타 문의는 코인원 채용 페이지 또는 채용 대표 메일로 문의 바랍니다.",,"유망산업, 식대지원, 커피·스낵바, 건강검진지원, 단체보험, 편의시설, 자기계발지원, 51~300명, 자유로운휴가, AI 선도 기업, 연봉상위2~5%, 인원 급성장, 설립10년이상, 워크샵, 누적투자100억이상",상시채용,"빠른 속도감, 과정 중심 질문, 친절/따뜻한 스타일, 자유롭고 편한 환경",서울 영등포구,코인원(coinone)
재무회계 담당자,"[우리가 해결하려는 문제]
""열심히 살면 성공할 줄 알았는데 내 집 마련도 못했어요.""
""회사생활 20년인데도 노후 준비를 못하네요.""

이런 고객들의 푸념과 한숨에 우리는 깊이 공감하며 진심으로 가슴 아파합니다.
경제적 문제는 대한민국의 사회적 이슈로 (노후빈곤, 경제적 양극화, 결혼/출산율 저하) 이어지고 있지만, 안타깝게도 이를 실질적으로 해결해줄 수 있는 플레이어가 없는 현실입니다.

월급쟁이부자들은 이러한 경제적/사회적 문제에 대해 진정성을 가지고 실효적으로 해결하고자 합니다.
실제로 우리는 지난 10년 간 고객을 경제적으로 도우며, 고객의 인생을 변화시키고 있습니다.


[OUR MISSION]
월급쟁이부자들 구성원들은 월급쟁이에게 내집마련과 행복한 노후를 돕기 위해 일하고 배우고 소통한다


[OUR VISION]
대한민국 1등 경제 콘텐츠 & 성인교육 플랫폼 회사 (기업가치 1조)


[극도의 성장! 기업가치 1조를 향해 가는 회사]
창업 이후 Unique&Good 한 제품과 서비스를 기반으로 매년 2배씩 성장하고 있으며, 최근 3년 동안에는 매출이 10배 이상 폭발적으로 성장하였습니다. (23년 기준 매출 350억원, 영업이익 216억원)

또한 창업 이후 매년 매출의 50%가 넘는 영업이익률로 흑자를 이어가고 있으며, 외부 투자 없이도 망할 걱정 없는 탄탄한 스타트업이라는 평가를 받고 있습니다. (""투자 안 받고 성장한 스타트업"" 언론 기사 :","• 월/분기/연간 회계 결산 및 자체기장
• 회계감사 대응 및 대관 업무
• 회계처리 및 원장관리(위하고)
• 세무신고(부가세, 원천세 등) 업무
• 비용 집행 및 마감
• 자금 집행 및 법인카드 제신고 업무
• 경영지원 업무 지원(총무, 복리후생 등)","• 재무회계 경력 1년 내외의 경력이 있으신 분
• 재무무결성 목표달성을 위해 꼼꼼하고 정확한 업무처리가 가능하신 분
• 대내외 관계자들과의 뛰어난 커뮤니케이션 능력을 보유하신 분","• 더존 그룹웨어 사용경험이 있으신 분
• 부가세/원천세 처리 및 신고 실무 진행 경력이 있으신 분
• 재무회계 관련 프로세스에 대한 이해도가 있으신 분","[합류 여정]
• 전화 인터뷰와 대면 인터뷰를 거쳐 최종 합류가 결정됩니다.
• 전형 진행 중, 실무테스트가 진행될 수 있습니다.
 

[참고사항]
• 정규직으로 채용됩니다. 다만 서로의 방향성을 확인하기 위해 모든 입사자에 대해 3개월의 수습기간을 두고 있습니다.
• 강남역 인근의 월급쟁이부자들 본사에서 근무하시게 됩니다.
• 월급쟁이부자들에서는 개인의 상황에 따라 자유롭게 출근(08~10시)할 수 있습니다.


[근무환경 및 복지]


1. 월부는 구성원들의 성장에 진심입니다.
• 성장을 위해 필요한 교육, 환경 조성, 업무 몰입을 위해 스트레스를 해소할 수 있는 여가/취미 활동 지원 등 연간 300만원 이상의 자기계발비를 제공합니다.
    - 연간 200만원의 월부닷컴[(링크)](https://weolbu.com/) 바우처를 제공하여 만족도 9.9점의 강의를 부담 없이 수강 하실 수 있도록 도움을 드립니다.
    - 연간 50만원, 업무에 더 깊게 몰입할 수 있도록 도와주는 강의나 도서 구매에 사용 할 수 있습니다. 건강에 관심이 많다면 헬스장 비용으로도 활용 할 수 있습니다.
    - 직무 역량 강화 혹은 자기계발에 관련된 컨퍼런스/세미나/교육비는 제공되는 금액 외 신청 시 따로 지원됩니다.
• 사내 독서모임을 위한 도서를 매월 지원합니다.
    - 독서모임은 월부 구성원들이 가장 만족하는 문화입니다.
    - 독서모임은 업무 시간 내 진행되며, 독서모임을 위한 도서는 모두 지원됩니다.
• 사내 도서관을 운영합니다.


2. 최고의 동료와 소통하며 협업합니다.
• 많은 복지 가운데 단연코 최고의 복지는 최고의 동료입니다.
    - 대기업과 스타트업에서 성공을 경험한 각 분야 최고의 동료들과 함께 성장할 수 있습니다.
    - 궁금한 부분에 대해서는 함께 고민하고 토론하며 목표를 향해 나아갑니다.
    - 우리는 높은 인재 밀도를 바탕으로 능동적이고 업무와 유연한 소통을 진행합니다.
• 입사 후 빠르게 적응할 수 있는 멘토/버디 제도를 운영합니다.
• 서로를 알아갈 수 있도록 소통 시간을 보장해드립니다.
    - 매월 팀 회식을 지원합니다. 점심 혹은 저녁 보다 맛있는 음식을 먹으며 조금 더 편안한 분위기에서 소통할 수 있습니다.
    - 더 좋은 성과와 소통을 위해 반기마다 함께 워크샵을 떠납니다.


3. 극도의 협업과 업무 몰입을 위한 최고의 업무 환경을 지원합니다.
• 최신형 Macbook을 포함해 최대 600만원 이상의 업무 장비를 지원합니다
• 개인별 법인카드를 지급해드립니다.
    - 월부의 모든 구성원은 개인 별 법인 카드로 점심/저녁 식사를 모두 지원 받습니다.
    - 미팅을 포함한 외근에서도 법인카드를 사용할 수 있습니다.
• 업무 몰입을 위한 국내 최고의 간식 라운지를 무료로 이용하실 수 있습니다.
    - 점심, 저녁만? NO. 바쁜 출근으로 아침 식사를 거른 분들이 드실 수 있는 간편한 식사와 신선한 과일을 제공합니다.
    - 구성원들의 건강을 위해 홍삼(정관장)과 영양제(종합비타민, 마그네슘, 칼슘, 철분, 밀크씨슬 등)를 제공합니다.
    - 언제나 업무 중 출출할 때 드실 수 있는 간식이 구비되어 있습니다.
    - 커피를 드시기 위해 기다릴 필요 없이 각 사무실마다 구비된 커피머신을 이용하실 수 있으며, 디카페인, 고소한 원두(일리, 스타벅스), 플로럴한 원두(게이샤 원두)와 같이 기호에 따라 원하는 커피를 언제든 드실 수 있습니다.
• 다양한 업무 프로그램과 협업 툴을 도입하고 있습니다. 일을 보다 효율적으로 할 수 있는 협업 툴 관련 제언은 언제나 환영하며 적극적으로 검토합니다.



4. 극도로 몰입한 구성원에게 휴식을 선물합니다.
• 휴가는 편안하고 넉넉하게 사용할 수 있습니다.
    - 월부는 20일의 유급휴가를 지원합니다. 법적으로 보장되는 15일 이외에도 5일의 여름휴가를 지원합니다. 나를 응원해주는 소중한 사람들과 보낼 수 있는 시간으로 활용할 수 있습니다.
• 최선을 다해 일한 만큼 추가 휴식을 보장합니다.
    - 5년 근속 시 2주, 10년 근속 시 4주의 여름 휴가가 지원 됩니다.
• 월부 블라썸
    - 따뜻한 봄이 오면 동료들과 함께 리프레시 시간을 가질 수 있습니다.


5. 더 깊은 몰입을 위해 개인 생활은 회사가 책임집니다.
• 출, 퇴근 시간을 자유롭게 설정할 수 있습니다.
    -구성원들이 충분히 자신의 생활을 유지하고 휴식할 수 있도록 8~10시 중 자유롭게 출근하는 유연근무제를 운영합니다.
• 나의 동료의 기쁜 일을 진심을 담아 축하합니다.
    - 1년에 한 번 오는 생일이 가장 행복한 날이 될 수 있도록 생일 선물과 케익을 전달드립니다.
• 결혼과 출산 또한 모두가 진심으로 축하합니다.
    - 새로운 가정을 이루는 것, 새로운 생명이 태어나는 일은 모두에게 축하 받을만한 일입니다. 월부는 결혼축하금과 출산축하금을 지원합니다.
• 건강도 정기적으로 챙겨드립니다.
    - 모든 월부 구성원을 대상으로 매년 종합건강검진을 지원해드립니다.
• 슬픈 일이 생겨도 함께 나눕니다.
    - 본인과 가족의 경조사를 원활하게 치를 수 있도록, 월부에서는 예를 표하고 있습니다.


6. 월부에서 극도의 수준으로 일하는 사람은 부자가 됩니다.
• 동 업계 110% 이상의 연봉 수준을 보장합니다.
• 월급만으로 내집마련이 가능하도록 도와 드립니다.
    - 매년 100만원 상당의 1:1 투자 코칭을 통해 실질적인 경제적 조언을 받을 수 있습니다.
    - 매년 내부 직원에게만 한정된 특별한 강의를 통해 각 시기 별 최적화 된 재테크 정보를 얻을 수 있습니다.
• 내집마련과 투자도 직접 도와 드립니다.
    - 투자금 대비 2배 이상의 시세 차익을 거둘 수 있도록 내집마련과 부동산 투자를 도와드립니다.
    - 내집마련을 위한 임장, 매매 계약, 전/월세, 인테리어 등의 노하우를 하나부터 열까지 모두 알려 드립니다.
    - 월부 직원 1년 만에 자산 7억 되는 과정 [https://cafe.naver.com/wecando7/5735310]
• 부동산을 포함한 주식, 보험 등 다양한 분야에서 어려움이 있는 경우 사내 각 분야의 전문가들에게 도움 받을 수 있습니다.(전세 사기, 주식 등 다양한 제테크 관련 문제)",,"AWS, Microsoft Word, Google Apps",,,서울 서초구,월급쟁이부자들
회계팀 담당자,"설로인 미션 l 육류산업의 생산과 고객경험 모두를 혁신한다.

언제나 똑같이 맛있는 퀄리티를 유지하는 비결은 설로인이 추구하는 디테일에 있습니다.
소의 월령이나 지방색, 성숙도와 같은 설로인만의 세밀한 평가 지표로 고기를 선별하고, 하나의 부위도 세분화하여 고객에게 제공함으로써 육류 생산의 혁신을 이룹니다.

설로인이 주는 특별함은 제품에서 그치지 않습니다.
우리는 더 맛있고, 즐거운 경험을 제공하기 위해 다양한 콘텐츠를 선보입니다.
미식을 돋우는 가니쉬, 특별한 날을 위한 세트, 특별한 한끼를 위한 밀키트, 새로운 미식 세계를 보여주는 흥미로운 고기 이야기까지.
미식 경험을 더욱 풍부하게 만들어 줌으로써 고객경험의 혁신을 이루고자 합니다.
'설로인'이라는 이유 하나만으로 선택할 수 있도록 고민하고, 시도하고 있습니다.


설로인 비전 l 미트테크로 완성한 고기의 모든 것

설로인은 2017년 9월, 서울대 화학생물공학부를 졸업한 변준원 대표가 Bio chemistry를 이용하여 '소비자의 육류 구매 불확실성을 제거하자'는 목표로 시작되었습니다.
그렇게 시작된 설로인은 숙성(aging)과 무해균(bio-chemistry)을 이용하여 일정한 품질을 유지하고, 육류 자체의 부가가치를 높이기 위해 노력하는 Meat-Tech 스타트업입니다.

또한 육가공 업체의 영업사원과 중도매인의 감, 온라인 사이트의 대표사진에만 의존할 수 밖에 없던 기존 부분육 도매 시장의 불확실성을 제거하고자 온라인 부분육 도매 서비스 '본대로'를 개발함으로써 새로운 도약을 위해 노력하고 있습니다.


설로인이 걸어온 길
23년 11월 한우브랜드업계 최초 2025년 IPO 추진
23년 11월 TV조선 경영대상 - 혁신경영 부문 선정
23년 9월 매출액 100억원 돌파
23년 6월 시리즈 B브릿지 투자 유치 53억원
23년 6월 예비유니콘 기업 선정
23년 1월 대한민국 퍼스트 브랜드 대상 최고경영자 부문 수상
22년 12월 B2B플랫폼 본대로 출시
22년 12월 스마트제조혁신협회 스마트팩토리 인증 2단계 획득
22년 11월 22 3Q 흑자전환
22년 09월 설로인 스마트 프로덕트 센터(SSPC) 설립
22년 02월 시리즈B 브릿지 투자 유치 400억원
21년 12월 기술혁신형 중소기업 인증
21년 12월 자사몰 전년도 대비 가입자수 300% 성장
21년 06월 시리즈B 투자 유치 160억원
20년 07월 시리즈A 투자 유치 40억원
20년 03월 Hyper Aging 숙성 특허 출원
19년 12월 설로인 다이닝 본점, 미트 컴플렉스 압구정 본점 설립
19년 08월 벤처기업 인증
18년 10월 미슐랭스타 고객 유치
18년 01월 온라인 커머스 런칭
17년 09월 설로인 설립","• 월, 분기, 연 단위 별도(연결) 재무제표 작성
• 원가 결산 및 경영실적 관리
• 법인세, 부가세, 원천세 등 세무 관리
• 외부감사 대응
• IPO 준비 및 투자기관 대응","• 재무/회계 경력 2년 ~ 10년
• 주도적으로 결산 및 재무제표 작성이 가능하신 분
• 상장회사 근무 경험이 있으신 분","• 스타트업, 이커머스, 업계에 대한 이해가 깊은 분
• 내부회계관리제도 운영 경험이 있으신 분
• 더존 ERP (i-Cube) 경험자
• IPO 경험이 있으신 분","• 자사몰 마일리지(복지포인트) 반기별 지급
• 자사몰 및 계열사 오프라인 임직원 할인
• 3년 근속 후 창업시 최대 3,000만원 지원
• 3, 5, 7년 장기근속 리프레시 휴가
• 생일당일 조기퇴근
• 야근 시 저녁식대/교통비 지급
• 경조사 지원

 설로인 문화
• 업무에만 집중할 수 있도록 편안한 자율 복장
• 자유롭고 유연한 연차 사용",채용 절차: 서류 전형 - 실무 면접 - 컬처핏 면접 - 처우 협의 및 입사일 조율,"식대지원, 보너스, 복지포인트, 51~300명, 설립4~9년, 아시아·태평양 고성장, 커피·스낵바, 누적투자100억이상, 유연근무",상시채용,"빠른 속도감, 과정 중심 질문, 답변을 유도해 준 편, 캐주얼/편한 분위기",경기 군포시,설로인
재무회계 담당자 (4년 이상),"카카오인베스트먼트는 카카오의 투자전문회사로서 ""기술과 사람이 만드는 더 나은 세상""이라는 철학을 바탕으로 혁신을 실제로 만들어낼 스타트업을 지원하고 M&A, IPO 등 Exit 기회를 제공하여 선순환이 가능한 벤처생태계를 조성하고 있습니다.

카카오인베스트먼트 재무회계 담당자는 재무기획실에서 회계 결산 및 재무기획 업무를 담당합니다. 또한 피투자회사의 재무 이슈를 검토하여 재무구조 개선과 안정을 위한 인사이트를 제공합니다. 밝고 성실한 태도와 원활한 커뮤니케이션 능력을 바탕으로 카카오인베스트먼트에서 함께 성장해 나갈 분들의 지원을 기다립니다.","• 회계 결산 및 외부감사 대응 업무
• 월/분기 단위 실적집계, 분석 및 보고
• 신규 투자 및 피투자회사 재무 이슈 검토 및 대응
• 대규모기업집단 공시 검토 및 진행","• 해당 경력 4년 이상 8년 이하
• 엑셀 작업에 능숙하고, 관련 스킬을 보유하고 있으신 분
• 원활한 커뮤니케이션 능력 보유자
• 긍정적이고 성실하며 책임감 있으신 분
• SAP 사용 경험자 우대","• 시차출퇴근제로 보다 유연하게 일할 수 있는 환경을 제공합니다.
• 점심 식대 20만원을 지원하고 있습니다.
• 3년 근속자는 30일 동안 리프레시 휴가를 사용할 수 있으며 휴가비가 별도 지원됩니다.
• 크루들의 건강을 위해 건강검진과 의료비를 지원합니다.
• 즐거운 명절을 보낼 수 있도록 설/추석연휴 선물을 지원합니다.
• 업무 도서 구입비, 교육, 컨퍼런스 비용을 지원합니다.
• 대출이자 지원제도를 통해 크루들의 복리증진과 생활 안정을 지원하고 있습니다.","서류전형 - 1차 면접 - 2차 면접 - 최종합격 
* 수습기간은 3개월입니다.
* 필요시 1차 면접 전후에 티미팅이 있을 수 있습니다.",,재무 회계,,,서울 강남구,카카오인베스트먼트
재무회계,"• 바즈바이오메딕(주)는 2017년 서울대학교 우주항공공학과 교수 및 박사 연구원이 주축이 되어 창립된 혁신적인 벤처기업입니다.

• 세계 최소 주입 깊이 및 주입량 조절이 가능한 자동 반복 분사 무바늘 약물 전달기술을 개발에 성공하였고, 해당 기술을 적용한 의료기기 및 미용 기기 제품을 2022년 상용화에 성공하였습니다.

• 현재 100억원 규모의 시리즈 B 투자를 유치했고, 우리는 더 나아가 2025년 IPO를 목표로 달려가고 있습니다.

• 바늘로 인한 공포 및 통증을 느끼는 환자들의 삶을 개선하기 위한 '스마트 의료기기 개발'에 앞장설 글로벌 인재를 모십니다",• 미용의료기기 재무회계,"• 학력 : 4년대졸 이상
• 재무회계 업무 5년 이상 경력자
• 근무형태 : 정규직(수습기간)-3개월","• 회계 및 자금에 대한 이해도가 높으신 분
• 숫자에 대한 감각이 있으신 분
• 세무, 회계, 재무 관련 자격증 보유하신 분
• 대인관계가 원만하신 분","• 스톡옵션 부여 : 업무실적에 따라 개인별 스톡옵션 부여
• 선택근무제
• 성과급 제도 : 회사의 성과급 규정에 따라 매년 말 인사평가에 의거 하여 성과급 지급
• 인센티브 지급 : 실적에 따라 규정에 의거 하여 인센티브 지급
• 자기계발비 지급 : 체력단련비, 도서구입, 온라인&오프라인 강의
• 안식년 제도 : 만5년 만근 시 1개월(20일) 유급휴가 부여
• 기념일 2시간 조기퇴근 제도 : 본인 생일, 배우자 생일, 자녀 생일, 결혼기념일
• 명절 상품권 지급
• 중식 제공","• 서류 전형
• 1차 면접
• 2차 면접
• 최종 합격","50명이하, 설립4~9년, 연봉상위11~20%, 인원 급성장, 유급휴가, 스톡옵션, 자기계발지원, 보너스, 식대지원, 유연근무",2024.11.10,,서울 강남구,바즈바이오메딕
재무/회계 담당자 (5년 이상),"• 에누마는 어린이를 대상으로 하는 기초 교육 분야에서 세계적으로 인정받은 글로벌 에듀테크 기업입니다.
• 주요 서비스는 전 세계에서 1,300만 건 이상 다운로드된 유명한 기초학습 앱 시리즈인 토도수학, 토도영어, 토도한글, 태블릿 기반 학습 프로그램 토도원, 전 세계의 학교와 교육 커뮤니티에 디지털 기초교육을 제공하는 에누마스쿨입니다.
• 에누마는 전 세계 2억 5천만명이 넘는 개발도상국의 아동 문맹을 해결하기 위해 기획된 Global Learning X-Prize에서 킷킷스쿨(Kitkit School)로 공동 우승하면서 디지털 학습의 효과를 증명해낸 세계 최고의 팀입니다.
• 회사에는 수평적이고 가족 친화적인 조직문화가 있습니다. 사내에서는 직급 없이 모두 ""님""으로 호칭하며 서로 존중하고 신뢰하는 태도로 커뮤니케이션합니다. 또한 유연근무가 활성화되어 있어 대부분 재택 근무를 하며 스스로 가장 몰입할 수 있는 환경에서 책임감 있게 일합니다.
• 현재 미국 캘리포니아 본사 외에도 일본 도쿄, 인도네시아 자카르타, 중국 베이징, 서울에서 150명의 직원이 함께 근무하고 있습니다.","• 내부 기장 및 결산(월/분기/연)
• 회계 손익 분석 및 보고
• 회계/세무 이슈 및 회계 감사 대응
• 부가세/법인세 신고","• 학력: 학사 이상
• 경력: 회계 업무를 5년 이상 수행하신 분","• 엑셀, ERP 활용 능력이 우수하신 분
• 글로벌 기업 경험이 있는 분
• 회계학, 경영학 전공자 (KICPA, AICPA, CFA등 우대)
• 다양한 동료와 원활하게 커뮤니케이션 하시는 분","• 직급 없이 ""OO님""으로 소통하는 문화
• 매일 출근시간에 대한 압박이 없는 유연출퇴근제 및 재택근무
• 원할 때 언제든지 떠나는 무제한 휴가
• 무료 스낵바, 커피 머신, 음료 등의 무제한 간식 지원
• 업무를 위한 최신 기기 지원(LG그램, 모니터 등)
• 자사 어린이 교육 앱 이용권 지급 
• 명절선물 및 경조사비 지원
• 사내 직원추천제도 
• 각자의 위치에서 최고의 전문가인 뛰어난 동료들


근무조건

• 근무형태 : 정규직 (수습기간 3개월, 급여 100% 지급)
• 근무시간 : 월-금 오전 10시-오후 7시 (유연근무 가능)
• 급여수준 : 면접 후 결정
• 근무장소 : 서울시 성동구 뚝섬로1나길 5, 헤이그라운드 G301호 (재택근무 가능)
                     2호선 뚝섬역 & 수인분당선 서울숲역에서 도보 7분


제출서류

• 자유양식 이력서 (필수)
• 자기소개서 (선택)","• 서류 전형 ＞ 실무 인터뷰 ＞ 한국/미국 운영진 인터뷰 ＞ 처우 협의 및 최종 합격
• 서류 접수 기간 중에도 적합한 후보자가 계시면 인터뷰를 진행합니다.","커피·스낵바, 51~300명, 설립4~9년, 연봉상위6~10%, 인원 급성장, 재택근무, 유연근무",상시채용,"세심한 스타일, 과정 중심 질문, 천천히 기다려준 편, 자유롭고 편한 환경",서울 성동구,에누마
기획팀 IR담당자,"TONYMOLY 이 거리의 브랜드는 당신입니다.
토니모리는 고객과 함께하는 디지털 파워 No.1 뷰티헬스 플랫폼 기업입니다.","• 기획팀 IR담당자
 - 국내외 기관 및 개인투자자 응대
 - IR 전략 수립 및 실행
 - 주주총회 및 이사회 개최
 - 공시 업무
 - NDR / IR탐방 업무",• NDR / IR탐방 경력 필수,• IR업무의 경험이 풍부하신 분,"1. 문화 생활 지원
• 도서, 영화, 음악 플랫폼 등 문화 생활비를 지원해 드려요.
• 토니모리에서는 최고급 커피머신 원두가 항상 준비 중이에요.
• 토니모리 전용 피트니스에서 열심히 운동해요

2. 직원 할인
• 토니모리 자사몰 엄청난 할인 혜택
• 생일자 스타벅스 쿠폰을 드려요. (사옥 1층에 스타벅스가 있어요)",• 서류 전형 ＞ 1차 면접 ＞ 역량 검사 ＞ 2차 면접 ＞ 최종 합격,"51~300명, 연봉상위6~10%, 설립10년이상, 커피·스낵바",2024.10.31,"신속 간결한 스타일, 과정 중심 질문, 친절/따뜻한 스타일, 자유롭고 편한 환경",서울 서초구,토니모리
재경팀 팀장,"TONYMOLY 이 거리의 브랜드는 당신입니다.
토니모리는 고객과 함께하는 디지털 파워 No.1 뷰티헬스 플랫폼 기업입니다.","• 재무 및 세무 업무 수행 
 - 분기 결산 제반 업무 수행 
 - 회계감사 대응    
 - 세무조정 (법인세) 및 세무 리스크 예방 보고
 - 조직 내 ad-hoc 업무지원",• 세무 분야 경험이 있으신 분,"• SAP ERP 경험자
• 상장사, IFRS 경험자 
• 조직 내 원만한 커뮤니티 스킬 보유자 
• 세무 관련 대응 경험자","1. 문화 생활 지원
• 도서, 영화, 음악 플랫폼 등 문화 생활비를 지원해 드려요.
• 토니모리에서는 최고급 커피머신 원두가 항상 준비 중이에요.
• 토니모리 전용 피트니스에서 열심히 운동해요

2. 직원 할인
• 토니모리 자사몰 엄청난 할인 혜택
• 생일자 스타벅스 쿠폰을 드려요. (사옥 1층에 스타벅스가 있어요)",• 서류 전형 ＞ 1차 면접 ＞ 역량 검사 ＞ 2차 면접 ＞ 최종 합격,"51~300명, 연봉상위6~10%, 설립10년이상, 커피·스낵바",2024.10.31,"신속 간결한 스타일, 과정 중심 질문, 친절/따뜻한 스타일, 자유롭고 편한 환경",서울 서초구,토니모리
회계,"HB SOLUTION은 설립 이래 지속적인 연구개발과 고객만족 경영을 통하여 IT장비 분야의 새로운 가치를 창조합니다.

HB SOLUTION은 물성분석기술, 설비 제작 기술 등을 바탕으로 디스플레이, 반도체 산업 등 기술 영역을 넓히며 지속 성장을 이뤄 나가고 있습니다.","• 회계결산 업무
• 원가 담당 업무
• 외부 감사 대응","• 4년제 대졸 이상
• 경력 3년 이상",• 동종업계 경험자,"• 지원금/보험
  - 건강검진, 각종 경조사 지원, 체력단련실운영

• 급여제도
  - 퇴직연금, 인센티브제, 장기근속자 포상, 우수사원포상, 스톡옵션, 성과급, 휴일(특근)수당, 연차수당, 직책수당, 4대 보험

• 선물
  - 명절선물/귀향비, 결혼기념일 선물, 장기 근속 선물

• 교육/생활
  - 우수사원시상식, 워크샵, 신입사원교육(OJT), 직무능력향상교육, 리더쉽강화교육, 도서구입비지원, 멘토링제도, 교육비 지원, 구내식당(사원식당), 점심식사 제공, 저녁식사 제공, 사내동호회 운영, 아침식사 제공

• 근무환경
  - 휴게실, 회의실, 공기청정기, 카페테리아, 휠체어용 난간, 유도점자블록, 장애인 화장실, 장애인 화장실, 장애인 전용주차장, 장애인 엘리베이터, 비상경보장치, 유니폼지급, 노트북, 사원증, 콘도/리조트 이용권, 사무용품 지급

• 조직문화
  - 수평적 조직문화, 회식강요 안함, 자유복장, 자유로운 연차사용

• 출퇴근
  - 기숙사 운영, 주차장 제공

• 리프레쉬
  - 연차, 경조휴가제, 반차, 근로자의 날 휴무, 포상휴가, 산전 후 휴가, 육아휴직, 남성출산휴가, 휴양시설 제공, 패밀리데이","• 서류전형 ＞ 온라인 인성검사 ＞ 실무 면접 전형 ＞ 최종합격
• 경력기술서는 필수가 아니지만, 경력기술서 첨부 시 서류검토에 도움이 될 수 있습니다.","51~300명, 연봉상위2~5%, 보너스, 육아휴직, 자기계발지원, 출산휴가, 장비지원, 편의시설, 건강검진지원, 사내동호회, 수평적조직, AI 선도 기업, 스톡옵션, 참 괜찮은 중소기업, 설립10년이상, 워크샵",2024.10.30,,충남 아산시,에이치비솔루션
[시니어] 재무회계 담당자(서울),"【대한민국 No. 1 카페 주문 플랫폼 - 패스오더】

페이타랩은 대한민국 No.1 커피 주문 플랫폼인 ‘패스오더’를 운영하고 있는 스타트업입니다.

패스오더는 2018년, 자영업 사장님들의 인건비 부담, 매출 부진이라는 사회적인 문제를 해결하기 위해 대형 프랜차이즈에서만 가능했던 스마트오더 시스템을 중소형 프랜차이즈 및 개인 카페까지 사용할 수 있도록 개발한 간편한 스마트오더 서비스입니다.

투자 혹한기에도 불구하고 시장에서 우리의 경쟁력과 성장성을 인정받아 22년 1월, Series B에서 121억 원이라는 투자 유치에 성공했고 약 1년 반 만인 23년 9월, 또 한 번 성공적으로 투자를 유치해 누적 투자 금액 200억 원을 달성했습니다.

페이타랩은 올 한해도 빠르게 성장하여 지난 1년 동안 달성했던 지표를 3개월 만에 달성하며 지금 이 순간에도 우리가 세운 기록을 계속해서 경신하며 무섭게 성장하고 있습니다!


【 패스오더만의 독보적인 경쟁력 5가지 핵심 요약! 】

1. 바쁜 시간에 줄 서지 않고 언제 어디서든 미리 주문해요! (매일 10분 절약)
2. 매장 상황에 따른 예상 수령시간 NO! 내가 원하는 시간에 픽업해요!
3. 주문 결제 적립을 동시에 패스오더 하나로 해결해요!
4. 매일 마시는 커피, 단 3번의 클릭으로 빠르게 재주문!
5. 300개 이상의 브랜드 카페 주문을 패스오더 앱 하나로 이용 가능해요!

“어중간하게 성공해서 안주하지 않겠습니다.”라는 대표님의 경영 철학과 “Pay+Data+Lab”이라는 페이타랩의 사명처럼 아날로그 기반의 자영업시장 데이터를 통해 IT화를 이뤄내는 그날까지 안주하지 않고 달려나가고 있어요.

■ 페이타랩 CEO 인터뷰 :","【 페이타랩 재무회계팀 】

재무회계팀은 회사의 자금이 효율적으로 운영될 수 있도록 관리하고 건강한 재무 상태를 유지하여 회사가 안정적으로 목표에 도달할 수 있도록 지원하는 팀이에요. 회계 및 세무적인 이슈에 대한 리스크 관리를 통해 재무 정보의 신뢰성과 투명성을 유지할 수 있도록 노력해요.

재무회계 담당자는 다양한 내부 구성원들과의 긴밀한 소통과 협업을 통해 최선의 의사결정을 할 수 있도록 유용한 정보를 제공하는 역할을 맡고 있기 때문에 폭넓은 전문 지식과 경험을 가진 사람들이 모여있어요.


【 오시면 이런 업무를 하게 되실 거예요! 】

• 재무회계 프로세스를 구축하고 회계 결산 및 자금을 관리해요.
• 세무 이슈를 파악하여 정기, 비정기 외부 회계 감사에 대응해요.
• 자금 흐름을 관리하고 회계 기준에 따른 비즈니스별 계정을 운영해요.
• 재무제표 및 회계 관련 보고서를 작성해요.
• 매출/손익 분석을 통해 재무계획을 수립하고 재무모델링을 진행해요.



【 이런 경험이 있다면 꼭 알려주세요! 】

• 재무회계 업무 경험에 대한 자세한 설명이나 구체적인 자료가 포함된 포트폴리오 또는 경력기술서를 제출해 주세요.
• 주도적으로 재무회계 시스템을 구축하고 관리해 보았던 경험 또는 세무 이슈를 파악하여 솔루션까지 만들어 냈던 경험이 있다면 알려주세요.
• 재무회계 담당자로서 어떤 생각과 가치관을 갖고 계시는지 궁금해요.","【 이런 분을 찾고 있어요! 】

• 스타트업 또는 IT 기업에서 재무회계 실무를 3년 이상 수행하신 분 (필수)
• 회계감사, 법인세, 부가세 신고를 주도적으로 진행하실 수 있는 분
• 회계처리 검토 및 이를 위한 시스템 설계와 프로세스 수립이 가능하신 분
• 투자사 및 관계사와의 원활한 커뮤니케이션 역량을 보유하신 분
• 기업의 회계 결산 프로세스의 초기 정립 및 효율화 경험과 강한 추진력을 가지신 분","【 이런 분이면 더 좋아요! 】

• IT 또는 비대면 결제 시장 및 O2O 서비스의 이해도가 높은 분
• SAP, ERP 등 기타 신규 회계 솔루션을 도입, 구축해 본 경험이 있는 분
• 데이터를 기반으로 의사결정을 내릴 수 있는 재무 분석역량을 갖고 계신 분
• 재무회계뿐만 아니라 기업 전체의 운영 측면에서 넓은 시각을 갖고 제시할 수 있는 분
• 재무모델링을 통해 사업 전략에 따른 재무적 영향도를 추정해 본 경험이 있는 분","【 저희는 이렇게 일해요! 】

1. 그냥 하는 일은 없어요. 스스로 업무를 할 때 '왜?'를 항상 생각해요.
2. 완벽한 결과물은 없다고 생각해요. 빠르게 실행해 보고 아니면 개선해 나가요.
3. 하나의 팀으로 연결되어 있어요. 사내의 모든 정보는 투명하게 공유하고 있어요.
4. 스포츠팀처럼 일해요. 각자의 포지션에서 최고가 되기 위해 끊임없이 성장해요. 
5. 개인의 성장을 지지해요. 누구나 원하는 만큼 성장할 수 있도록 회사가 지원을 아끼지 않아요.
6. 직책 및 연차와 상관없이 모든 구성원이 자유롭게 소통하고 대단하게 피드백을 주고받아요.
7. 관계는 수평적이에요. 직급 대신 ‘님’이라는 호칭을 사용하고, 상호 존칭을 사용하며 서로를 존중해요.
8. 업무는 수직적으로 해요. 책임을 지는 의사 결정권자와 실무자의 구분을 명확히 해요.
9. 구성원들을 진심으로 아끼고 배려해요. 일은 힘들 수 있지만, 사람 때문에 힘든 일은 없어요.
10. 저녁 회식이 없어요. 다음 날 최상의 컨디션으로 일할 수 있도록 회사가 방해하지 않아요. 



【 당신의 성장을 적극적으로 지원해요! 】

■ 오직 일과 성장에만 몰입하고 집중할 수 있도록

• 업무 효율을 낼 수 있는 최고 스펙 장비 제공
   ┕ 맥북프로, LG 그램 (2-3년 주기 업그레이드)
• 27” 듀얼모니터 제공
• 쾌적한 업무 환경 제공 (스타일러, 가습기, IQ Air 공기청정기)
• 키보드, 마우스 등 필요한 주변기기 맞춤 제공
• 개인별 법인카드 지급 (식대, 출장 등에 사용)
• 사유를 묻지 않는 자유로운 연차 사용

■ 원하는 만큼 배우고, 성장할 수 있도록

• 교육비 무제한 전액 지원
• 세미나, 컨퍼런스 참여 비용 무제한 지원
• 20개 이상 교육 또는 온라인 콘텐츠 구독
• 도서 무제한 구입 지원
• Chat GPT 4.0 지원
• 업무에 필요한 다양한 툴 적극 지원

■ 함께하는 구성원이 행복할 수 있도록

• 법인카드 식대 지원(식대 1만 1천원)
• 패스오더 포인트 매월 지급 (50,000P)
• 에스프레소 머신, Tea 무제한 제공
• 간식(스낵바) 무제한 제공
• 종합건강검진 지원
• 명절 백화점 상품권 지급
• 생일 축하 백화점 상품권 지급
• 구성원 경조사 발생 시 근조화환 및 경조 휴가, 경조금 지원



【 이런 여정을 거치게 되실 거예요! 】

⎸서류전형 ＞ 사전 테스트(필요 시 생략) ＞ 1차 인터뷰(직무) ＞ 2차 인터뷰(컬쳐 핏) ＞ 서류, 레퍼런스 체크 ＞ 최종합격

• 전형이 생략되거나 추가 및 변경되는 등 지원 포지션 및 경력 등 기타 상황에 따라 유연하게 진행하고 있어요.
• 개발자 및 일부 포지션의 경우 서류전형 다음으로 사전 테스트(코딩테스트, SQL 테스트, 과제테스트,사전질문 등)를 진행해요.
• 합격 여부와 관계없이 모든 전형의 결과를 안내해 드리고 있으며, 결과는 알림톡 및 메일을 통해 안내드려요.
• 레퍼런스 체크를 진행하게 될 시, 사전에 지원자님께 반드시 동의를 구하고 진행해요.
• 입사일, 처우 협의 등은 최종합격 시 진행하고 있으며, 가능한 지원자님의 상황을 배려해 드리고 있어요.



【 이렇게 일하게 되실 거예요! 】

⎸ 근무 형태: 경력 3년 미만 (6개월), 경력 3년 이상 (3개월) 수습

- 수습 기간은 지원자님과 회사가 서로를 알아가는 소중한 기간이에요. 수습 기간에도 급여 100% 지급 및 동일한 복지가 적용돼요. 수습기간 이후 내부 기준에 따라 정규직으로 계약하고 있어요.

⎸ 근무 지역: 해당 포지션은 서울, 부산 모두 채용 중이에요.

- 서울 삼성역 인근 (강남구 영동대로 85길 34, 6층)
- 부산 서면역 인근 (부산진구 서면로 39, 6층)



【 이런 서류를 제출해 주세요! 】

• 이력서
• 사전질문

아래의 사전질문에 대한 답변을 이력서와 함께 제출해 주세요!
⎸페이타랩에 지원하는 이유는 무엇인가요?
⎸페이타랩에 입사 시 어떤 방식 및 계획으로 업무를 진행하고 싶으신가요?


• 경력기술서 또는 포트폴리오 (선택)
⎸재무회계 업무 경험에 대한 자세한 설명이나 구체적인 자료가 포함되면 좋아요!
⎸주도적으로 재무회계 시스템을 구축하고 관리해 보았던 경험 또는 세무 이슈를 파악하여 솔루션까 만들어 냈던 경험이 있다면 알려주세요.



【채용에 진심인 채용담당자의 한마디】

구성원분들을 부품으로 여기지 않고, 한 분 한 분을 소중하게 생각하는 만큼 시간이 오래 걸리더라도 신중하게, 우리와 맞는 분을 모시기 위해 노력하고 있어요. 일부 지원자분들에게는 페이타랩 합류 과정이 다소 까다롭고 긴 여정이라고 느끼실 수도 있지만, 서로에 대해 깊게 알아가는 시간이라고 생각해 주시고 우리의 채용 여정을 진심으로 바라봐 주시면 감사하겠습니다.",,"장비지원, 커피·스낵바, 자기계발지원, 식대지원, 건강검진지원, 51~300명, 설립4~9년, 누적투자100억이상, 인원성장",상시채용,,서울 강남구,페이타랩(패스오더)
[주니어] 재무회계 담당자(서울),"【대한민국 No. 1 카페 주문 플랫폼 - 패스오더】

페이타랩은 대한민국 No.1 커피 주문 플랫폼인 ‘패스오더’를 운영하고 있는 스타트업입니다.

패스오더는 2018년, 자영업 사장님들의 인건비 부담, 매출 부진이라는 사회적인 문제를 해결하기 위해 대형 프랜차이즈에서만 가능했던 스마트오더 시스템을 중소형 프랜차이즈 및 개인 카페까지 사용할 수 있도록 개발한 간편한 스마트오더 서비스입니다.

투자 혹한기에도 불구하고 시장에서 우리의 경쟁력과 성장성을 인정받아 22년 1월, Series B에서 121억 원이라는 투자 유치에 성공했고 약 1년 반 만인 23년 9월, 또 한 번 성공적으로 투자를 유치해 누적 투자 금액 200억 원을 달성했습니다.

페이타랩은 올 한해도 빠르게 성장하여 지난 1년 동안 달성했던 지표를 3개월 만에 달성하며 지금 이 순간에도 우리가 세운 기록을 계속해서 경신하며 무섭게 성장하고 있습니다!


【 패스오더만의 독보적인 경쟁력 5가지 핵심 요약! 】

1. 바쁜 시간에 줄 서지 않고 언제 어디서든 미리 주문해요! (매일 10분 절약)
2. 매장 상황에 따른 예상 수령시간 NO! 내가 원하는 시간에 픽업해요!
3. 주문 결제 적립을 동시에 패스오더 하나로 해결해요!
4. 매일 마시는 커피, 단 3번의 클릭으로 빠르게 재주문!
5. 300개 이상의 브랜드 카페 주문을 패스오더 앱 하나로 이용 가능해요!

“어중간하게 성공해서 안주하지 않겠습니다.”라는 대표님의 경영 철학과 “Pay+Data+Lab”이라는 페이타랩의 사명처럼 아날로그 기반의 자영업시장 데이터를 통해 IT화를 이뤄내는 그날까지 안주하지 않고 달려나가고 있어요.

■ 페이타랩 CEO 인터뷰 :","【 페이타랩 재무회계팀 】

재무회계팀은 회사의 자금이 효율적으로 운영될 수 있도록 관리하고 건강한 재무 상태를 유지하여 회사가 안정적으로 목표에 도달할 수 있도록 지원하는 팀이에요. 회계 및 세무적인 이슈에 대한 리스크 관리를 통해 재무 정보의 신뢰성과 투명성을 유지할 수 있도록 노력해요.

재무회계 담당자는 다양한 내부 구성원들과의 긴밀한 소통과 협업을 통해 최선의 의사결정을 할 수 있도록 유용한 정보를 제공하는 역할을 맡고 있기 때문에 폭넓은 전문 지식과 경험을 가진 사람들이 모여있어요.


【 오시면 이런 업무를 하게 되실 거예요! 】

• 매출 세금계산서 발행, 매출마감 및 결산, 가맹점 정산업무를 진행해요.
• 주요자금 입/출금 거래내역 확인 및 회계 처리를 진행해요.
• 전사 법인카드 운영 및 관리를 진행해요.
• 재무제표 및 회계 관련 보고서를 작성해요.
• 자금 흐름을 관리하고 회계 기준에 따른 비즈니스별 계정을 운영해요.



【 이런 경험이 있다면 꼭 알려주세요! 】

• 재무회계 업무 경험에 대한 자세한 설명이나 구체적인 자료가 포함된 포트폴리오 또는 경력기술서를 제출해 주세요.
• 주도적으로 재무회계 업무를 진행한 경험 또는 세무 이슈를 파악하여 선제적으로 대응한 경험이 있다면 알려주세요.
• 재무회계 담당자로서 어떤 생각과 가치관을 갖고 계시는지 궁금해요.","【 이런 분을 찾고 있어요! 】

• 스타트업 또는 IT 기업에서 재무/자금/회계 실무를 1년 이상 수행하신 분
• 기본적인 회계 및 세무 지식을 갖추고 계신 분
• 회계처리 검토 및 이를 위한 시스템 운영 (ERP 등)이 가능하신 분","【 이런 분이면 더 좋아요! 】

• IT 또는 비대면 결제 시장 및 O2O 서비스의 이해도가 높은 분
• 스타트업, 플랫폼 업종의 정산 및 회계 업무에 대한 이해도가 있으신 분
• 다양한 유관 부서와 유연하게 커뮤니케이션이 가능한 분","【 저희는 이렇게 일해요! 】

1. 그냥 하는 일은 없어요. 스스로 업무를 할 때 '왜?'를 항상 생각해요.
2. 완벽한 결과물은 없다고 생각해요. 빠르게 실행해 보고 아니면 개선해 나가요.
3. 하나의 팀으로 연결되어 있어요. 사내의 모든 정보는 투명하게 공유하고 있어요.
4. 스포츠팀처럼 일해요. 각자의 포지션에서 최고가 되기 위해 끊임없이 성장해요. 
5. 개인의 성장을 지지해요. 누구나 원하는 만큼 성장할 수 있도록 회사가 지원을 아끼지 않아요.
6. 직책 및 연차와 상관없이 모든 구성원이 자유롭게 소통하고 대단하게 피드백을 주고받아요.
7. 관계는 수평적이에요. 직급 대신 ‘님’이라는 호칭을 사용하고, 상호 존칭을 사용하며 서로를 존중해요.
8. 업무는 수직적으로 해요. 책임을 지는 의사 결정권자와 실무자의 구분을 명확히 해요.
9. 구성원들을 진심으로 아끼고 배려해요. 일은 힘들 수 있지만, 사람 때문에 힘든 일은 없어요.
10. 저녁 회식이 없어요. 다음 날 최상의 컨디션으로 일할 수 있도록 회사가 방해하지 않아요. 



【 당신의 성장을 적극적으로 지원해요! 】

■ 오직 일과 성장에만 몰입하고 집중할 수 있도록

• 업무 효율을 낼 수 있는 최고 스펙 장비 제공
   ┕ 맥북프로, LG 그램 (2-3년 주기 업그레이드)
• 27” 듀얼모니터 제공
• 쾌적한 업무 환경 제공 (스타일러, 가습기, IQ Air 공기청정기)
• 키보드, 마우스 등 필요한 주변기기 맞춤 제공
• 개인별 법인카드 지급 (식대, 출장 등에 사용)
• 사유를 묻지 않는 자유로운 연차 사용

■ 원하는 만큼 배우고, 성장할 수 있도록

• 교육비 무제한 전액 지원
• 세미나, 컨퍼런스 참여 비용 무제한 지원
• 20개 이상 교육 또는 온라인 콘텐츠 구독
• 도서 무제한 구입 지원
• Chat GPT 4.0 지원
• 업무에 필요한 다양한 툴 적극 지원

■ 함께하는 구성원이 행복할 수 있도록

• 법인카드 식대 지원(식대 1만 1천원)
• 패스오더 포인트 매월 지급 (50,000P)
• 에스프레소 머신, Tea 무제한 제공
• 간식(스낵바) 무제한 제공
• 종합건강검진 지원
• 명절 백화점 상품권 지급
• 생일 축하 백화점 상품권 지급
• 구성원 경조사 발생 시 근조화환 및 경조 휴가, 경조금 지원



【 이런 여정을 거치게 되실 거예요! 】

⎸서류전형 ＞ 사전 테스트(필요 시 생략) ＞ 1차 인터뷰(직무) ＞ 2차 인터뷰(컬쳐 핏) ＞
⎸서류, 레퍼런스 체크 ＞ 최종합격

• 전형이 생략되거나 추가 및 변경되는 등 지원 포지션 및 경력 등 기타 상황에 따라 유연하게 진행하고 있어요.
• 개발자 및 일부 포지션의 경우 서류전형 다음으로 사전 테스트(코딩테스트, SQL 테스트, 과제테스트,사전질문 등)를 진행해요.
• 합격 여부와 관계없이 모든 전형의 결과를 안내해 드리고 있으며, 결과는 알림톡 및 메일을 통해 안내드려요.
• 레퍼런스 체크를 진행하게 될 시, 사전에 지원자님께 반드시 동의를 구하고 진행해요.
• 입사일, 처우 협의 등은 최종합격 시 진행하고 있으며, 가능한 지원자님의 상황을 배려해 드리고 있어요.



【 이렇게 일하게 되실 거예요! 】

⎸ 근무 형태: 경력 3년 미만 (6개월), 경력 3년 이상 (3개월) 수습

- 수습 기간은 지원자님과 회사가 서로를 알아가는 소중한 기간이에요. 수습 기간에도 급여 100% 지급 및 동일한 복지가 적용돼요. 수습기간 이후 내부 기준에 따라 정규직으로 계약하고 있어요.

⎸ 근무 지역: 해당 포지션은 서울, 부산 모두 채용 중이에요.

- 서울 삼성역 인근 (강남구 영동대로 85길 34, 6층)
- 부산 서면역 인근 (부산진구 서면로 39, 6층)



【 이런 서류를 제출해 주세요! 】

• 이력서
• 사전질문

아래의 사전질문에 대한 답변을 이력서와 함께 제출해 주세요!
⎸페이타랩에 지원하는 이유는 무엇인가요?
⎸페이타랩에 입사 시 어떤 방식 및 계획으로 업무를 진행하고 싶으신가요?


• 경력기술서 또는 포트폴리오 (선택)
⎸재무회계 업무 경험에 대한 자세한 설명이나 구체적인 자료가 포함되면 좋아요!
⎸주도적으로 재무회계 업무를 진행한 경험 또는 세무 이슈를 파악하여 선제적으로 대응한 경험이 있다면 알려주세요.



【채용에 진심인 채용담당자의 한마디】

구성원분들을 부품으로 여기지 않고, 한 분 한 분을 소중하게 생각하는 만큼 시간이 오래 걸리더라도 신중하게, 우리와 맞는 분을 모시기 위해 노력하고 있어요. 일부 지원자분들에게는 페이타랩 합류 과정이 다소 까다롭고 긴 여정이라고 느끼실 수도 있지만, 서로에 대해 깊게 알아가는 시간이라고 생각해 주시고 우리의 채용 여정을 진심으로 바라봐 주시면 감사하겠습니다.",,"장비지원, 커피·스낵바, 자기계발지원, 식대지원, 건강검진지원, 51~300명, 설립4~9년, 누적투자100억이상, 인원성장",상시채용,,서울 강남구,페이타랩(패스오더)
[주니어] 재무회계 담당자(부산),"【대한민국 No. 1 카페 주문 플랫폼 - 패스오더】

페이타랩은 대한민국 No.1 커피 주문 플랫폼인 ‘패스오더’를 운영하고 있는 스타트업입니다.

패스오더는 2018년, 자영업 사장님들의 인건비 부담, 매출 부진이라는 사회적인 문제를 해결하기 위해 대형 프랜차이즈에서만 가능했던 스마트오더 시스템을 중소형 프랜차이즈 및 개인 카페까지 사용할 수 있도록 개발한 간편한 스마트오더 서비스입니다.

투자 혹한기에도 불구하고 시장에서 우리의 경쟁력과 성장성을 인정받아 22년 1월, Series B에서 121억 원이라는 투자 유치에 성공했고 약 1년 반 만인 23년 9월, 또 한 번 성공적으로 투자를 유치해 누적 투자 금액 200억 원을 달성했습니다.

페이타랩은 올 한해도 빠르게 성장하여 지난 1년 동안 달성했던 지표를 3개월 만에 달성하며 지금 이 순간에도 우리가 세운 기록을 계속해서 경신하며 무섭게 성장하고 있습니다!


【 패스오더만의 독보적인 경쟁력 5가지 핵심 요약! 】

1. 바쁜 시간에 줄 서지 않고 언제 어디서든 미리 주문해요! (매일 10분 절약)
2. 매장 상황에 따른 예상 수령시간 NO! 내가 원하는 시간에 픽업해요!
3. 주문 결제 적립을 동시에 패스오더 하나로 해결해요!
4. 매일 마시는 커피, 단 3번의 클릭으로 빠르게 재주문!
5. 300개 이상의 브랜드 카페 주문을 패스오더 앱 하나로 이용 가능해요!

“어중간하게 성공해서 안주하지 않겠습니다.”라는 대표님의 경영 철학과 “Pay+Data+Lab”이라는 페이타랩의 사명처럼 아날로그 기반의 자영업시장 데이터를 통해 IT화를 이뤄내는 그날까지 안주하지 않고 달려나가고 있어요.

■ 페이타랩 CEO 인터뷰 :","【 페이타랩 재무회계팀 】

재무회계팀은 회사의 자금이 효율적으로 운영될 수 있도록 관리하고 건강한 재무 상태를 유지하여 회사가 안정적으로 목표에 도달할 수 있도록 지원하는 팀이에요. 회계 및 세무적인 이슈에 대한 리스크 관리를 통해 재무 정보의 신뢰성과 투명성을 유지할 수 있도록 노력해요.

재무회계 담당자는 다양한 내부 구성원들과의 긴밀한 소통과 협업을 통해 최선의 의사결정을 할 수 있도록 유용한 정보를 제공하는 역할을 맡고 있기 때문에 폭넓은 전문 지식과 경험을 가진 사람들이 모여있어요.



【 오시면 이런 업무를 하게 되실 거예요! 】

• 매출 세금계산서 발행, 매출마감 및 결산, 가맹점 정산업무를 진행해요.
• 주요자금 입/출금 거래내역 확인 및 회계 처리를 진행해요.
• 전사 법인카드 운영 및 관리를 진행해요.
• 재무제표 및 회계 관련 보고서를 작성해요.
• 자금 흐름을 관리하고 회계 기준에 따른 비즈니스별 계정을 운영해요.



【 이런 경험이 있다면 꼭 알려주세요! 】

• 재무회계 업무 경험에 대한 자세한 설명이나 구체적인 자료가 포함된 포트폴리오 또는 경력기술서를 제출해 주세요.
• 주도적으로 재무회계 업무를 진행한 경험 또는 세무 이슈를 파악하여 선제적으로 대응한 경험이 있다 면 알려주세요.
• 재무회계 담당자로서 어떤 생각과 가치관을 갖고 계시는지 궁금해요.","【 이런 분을 찾고 있어요! 】

• 스타트업 또는 IT 기업에서 재무/자금/회계 실무를 1년 이상 수행하신 분
• 기본적인 회계 및 세무 지식을 갖추고 계신 분
• 회계처리 검토 및 이를 위한 시스템 운영 (ERP 등)이 가능하신 분","【 이런 분이면 더 좋아요! 】

• IT 또는 비대면 결제 시장 및 O2O 서비스의 이해도가 높은 분
• 스타트업, 플랫폼 업종의 정산 및 회계 업무에 대한 이해도가 있으신 분
• 다양한 유관 부서와 유연하게 커뮤니케이션이 가능한 분","【 저희는 이렇게 일해요! 】

1. 그냥 하는 일은 없어요. 스스로 업무를 할 때 '왜?'를 항상 생각해요.
2. 완벽한 결과물은 없다고 생각해요. 빠르게 실행해 보고 아니면 개선해 나가요.
3. 하나의 팀으로 연결되어 있어요. 사내의 모든 정보는 투명하게 공유하고 있어요.
4. 스포츠팀처럼 일해요. 각자의 포지션에서 최고가 되기 위해 끊임없이 성장해요. 
5. 개인의 성장을 지지해요. 누구나 원하는 만큼 성장할 수 있도록 회사가 지원을 아끼지 않아요.
6. 직책 및 연차와 상관없이 모든 구성원이 자유롭게 소통하고 대단하게 피드백을 주고받아요.
7. 관계는 수평적이에요. 직급 대신 ‘님’이라는 호칭을 사용하고, 상호 존칭을 사용하며 서로를 존중해요.
8. 업무는 수직적으로 해요. 책임을 지는 의사 결정권자와 실무자의 구분을 명확히 해요.
9. 구성원들을 진심으로 아끼고 배려해요. 일은 힘들 수 있지만, 사람 때문에 힘든 일은 없어요.
10. 저녁 회식이 없어요. 다음 날 최상의 컨디션으로 일할 수 있도록 회사가 방해하지 않아요. 



【 당신의 성장을 적극적으로 지원해요! 】

■ 오직 일과 성장에만 몰입하고 집중할 수 있도록

• 업무 효율을 낼 수 있는 최고 스펙 장비 제공
   ┕ 맥북프로, LG 그램 (2-3년 주기 업그레이드)
• 27” 듀얼모니터 제공
• 쾌적한 업무 환경 제공 (스타일러, 가습기, IQ Air 공기청정기)
• 키보드, 마우스 등 필요한 주변기기 맞춤 제공
• 개인별 법인카드 지급 (식대, 출장 등에 사용)
• 사유를 묻지 않는 자유로운 연차 사용

■ 원하는 만큼 배우고, 성장할 수 있도록

• 교육비 무제한 전액 지원
• 세미나, 컨퍼런스 참여 비용 무제한 지원
• 20개 이상 교육 또는 온라인 콘텐츠 구독
• 도서 무제한 구입 지원
• Chat GPT 4.0 지원
• 업무에 필요한 다양한 툴 적극 지원

■ 함께하는 구성원이 행복할 수 있도록

• 법인카드 식대 지원(식대 1만 1천원)
• 패스오더 포인트 매월 지급 (50,000P)
• 에스프레소 머신, Tea 무제한 제공
• 간식(스낵바) 무제한 제공
• 종합건강검진 지원
• 명절 백화점 상품권 지급
• 생일 축하 백화점 상품권 지급
• 구성원 경조사 발생 시 근조화환 및 경조 휴가, 경조금 지원



【 이런 여정을 거치게 되실 거예요! 】

⎸서류전형 ＞ 사전 테스트(필요 시 생략) ＞ 1차 인터뷰(직무) ＞ 2차 인터뷰(컬쳐 핏) ＞ 서류, 레퍼런스 체크 ＞ 최종합격

• 전형이 생략되거나 추가 및 변경되는 등 지원 포지션 및 경력 등 기타 상황에 따라 유연하게 진행하고 있어요.
• 개발자 및 일부 포지션의 경우 서류전형 다음으로 사전 테스트(코딩테스트, SQL 테스트, 과제테스트, 사전질문 등)를 진행해요.
• 합격 여부와 관계없이 모든 전형의 결과를 안내해 드리고 있으며, 결과는 알림톡 및 메일을 통해 안내 드려요.
• 레퍼런스 체크를 진행하게 될 시, 사전에 지원자님께 반드시 동의를 구하고 진행해요.
• 입사일, 처우 협의 등은 최종합격 시 진행하고 있으며, 가능한 지원자님의 상황을 배려해 드리고 있어 요.



【 이렇게 일하게 되실 거예요! 】

⎸ 근무 형태: 경력 3년 미만 (6개월), 경력 3년 이상 (3개월) 수습

- 수습 기간은 지원자님과 회사가 서로를 알아가는 소중한 기간이에요. 수습 기간에도 급여 100% 지급 및 동일한 복지가 적용돼요. 수습기간 이후 내부 기준에 따라 정규직으로 계약하고 있어요.

⎸ 근무 지역: 해당 포지션은 서울, 부산 모두 채용 중이에요.

- 서울 삼성역 인근 (강남구 영동대로 85길 34, 6층)
- 부산 서면역 인근 (부산진구 서면로 39, 6층)



【 이런 서류를 제출해 주세요! 】

• 이력서
• 사전질문

아래의 사전질문에 대한 답변을 이력서와 함께 제출해 주세요!
⎸페이타랩에 지원하는 이유는 무엇인가요?
⎸페이타랩에 입사 시 어떤 방식 및 계획으로 업무를 진행하고 싶으신가요?


• 경력기술서 또는 포트폴리오 (선택)
⎸재무회계 업무 경험에 대한 자세한 설명이나 구체적인 자료가 포함되면 좋아요!
⎸주도적으로 재무회계 업무를 진행한 경험 또는 세무 이슈를 파악하여 선제적으로 대응한 경험이 있다면 알려주세요.



【채용에 진심인 채용담당자의 한마디】

구성원분들을 부품으로 여기지 않고, 한 분 한 분을 소중하게 생각하는 만큼 시간이 오래 걸리더라도 신중하게, 우리와 맞는 분을 모시기 위해 노력하고 있어요. 일부 지원자분들에게는 페이타랩 합류 과정이 다소 까다롭고 긴 여정이라고 느끼실 수도 있지만, 서로에 대해 깊게 알아가는 시간이라고 생각해 주시고 우리의 채용 여정을 진심으로 바라봐 주시면 감사하겠습니다. :)",,"장비지원, 커피·스낵바, 자기계발지원, 식대지원, 건강검진지원, 51~300명, 설립4~9년, 누적투자100억이상, 인원성장",상시채용,,부산 부산진구,페이타랩(패스오더)
[시니어] 재무회계 담당자(부산),"【대한민국 No. 1 카페 주문 플랫폼 - 패스오더】

페이타랩은 대한민국 No.1 커피 주문 플랫폼인 ‘패스오더’를 운영하고 있는 스타트업입니다.

패스오더는 2018년, 자영업 사장님들의 인건비 부담, 매출 부진이라는 사회적인 문제를 해결하기 위해 대형 프랜차이즈에서만 가능했던 스마트오더 시스템을 중소형 프랜차이즈 및 개인 카페까지 사용할 수 있도록 개발한 간편한 스마트오더 서비스입니다.

투자 혹한기에도 불구하고 시장에서 우리의 경쟁력과 성장성을 인정받아 22년 1월, Series B에서 121억 원이라는 투자 유치에 성공했고 약 1년 반 만인 23년 9월, 또 한 번 성공적으로 투자를 유치해 누적 투자 금액 200억 원을 달성했습니다.

페이타랩은 올 한해도 빠르게 성장하여 지난 1년 동안 달성했던 지표를 3개월 만에 달성하며 지금 이 순간에도 우리가 세운 기록을 계속해서 경신하며 무섭게 성장하고 있습니다!


【 패스오더만의 독보적인 경쟁력 5가지 핵심 요약! 】

1. 바쁜 시간에 줄 서지 않고 언제 어디서든 미리 주문해요! (매일 10분 절약)
2. 매장 상황에 따른 예상 수령시간 NO! 내가 원하는 시간에 픽업해요!
3. 주문 결제 적립을 동시에 패스오더 하나로 해결해요!
4. 매일 마시는 커피, 단 3번의 클릭으로 빠르게 재주문!
5. 300개 이상의 브랜드 카페 주문을 패스오더 앱 하나로 이용 가능해요!

“어중간하게 성공해서 안주하지 않겠습니다.”라는 대표님의 경영 철학과 “Pay+Data+Lab”이라는 페이타랩의 사명처럼 아날로그 기반의 자영업시장 데이터를 통해 IT화를 이뤄내는 그날까지 안주하지 않고 달려나가고 있어요.

■ 페이타랩 CEO 인터뷰 :","【 페이타랩 재무회계팀 】

재무회계팀은 회사의 자금이 효율적으로 운영될 수 있도록 관리하고 건강한 재무 상태를 유지하여 회사가 안정적으로 목표에 도달할 수 있도록 지원하는 팀이에요. 회계 및 세무적인 이슈에 대한 리스크 관리를 통해 재무 정보의 신뢰성과 투명성을 유지할 수 있도록 노력해요.

재무회계 담당자는 다양한 내부 구성원들과의 긴밀한 소통과 협업을 통해 최선의 의사결정을 할 수 있도록 유용한 정보를 제공하는 역할을 맡고 있기 때문에 폭넓은 전문 지식과 경험을 가진 사람들이 모여있어요.



【 오시면 이런 업무를 하게 되실 거예요! 】

• 재무회계 프로세스를 구축하고 회계 결산 및 자금을 관리해요.
• 세무 이슈를 파악하여 정기, 비정기 외부 회계 감사에 대응해요.
• 자금 흐름을 관리하고 회계 기준에 따른 비즈니스별 계정을 운영해요.
• 재무제표 및 회계 관련 보고서를 작성해요.
• 매출/손익 분석을 통해 재무계획을 수립하고 재무모델링을 진행해요.



【 이런 경험이 있다면 꼭 알려주세요! 】

• 재무회계 업무 경험에 대한 자세한 설명이나 구체적인 자료가 포함된 포트폴리오 또는 경력기술서를 제출해 주세요.
• 주도적으로 재무회계 시스템을 구축하고 관리해 보았던 경험 또는 세무 이슈를 파악하여 솔루션까지 만들어 냈던 경험이 있다면 알려주세요.
• 재무회계 담당자로서 어떤 생각과 가치관을 갖고 계시는지 궁금해요.","【 이런 분을 찾고 있어요! 】

• 스타트업 또는 IT 기업에서 재무회계 실무를 3년 이상 수행하신 분 (필수)
• 회계감사, 법인세, 부가세 신고를 주도적으로 진행하실 수 있는 분
• 회계처리 검토 및 이를 위한 시스템 설계와 프로세스 수립이 가능하신 분
• 투자사 및 관계사와의 원활한 커뮤니케이션 역량을 보유하신 분
• 기업의 회계 결산 프로세스의 초기 정립 및 효율화 경험과 강한 추진력을 가지신 분","【 이런 분이면 더 좋아요! 】

• IT 또는 비대면 결제 시장 및 O2O 서비스의 이해도가 높은 분
• SAP, ERP 등 기타 신규 회계 솔루션을 도입, 구축해 본 경험이 있는 분
• 데이터를 기반으로 의사결정을 내릴 수 있는 재무 분석역량을 갖고 계신 분
• 재무회계뿐만 아니라 기업 전체의 운영 측면에서 넓은 시각을 갖고 제시할 수 있는 분
• 재무모델링을 통해 사업 전략에 따른 재무적 영향도를 추정해 본 경험이 있는 분","【 저희는 이렇게 일해요! 】

1. 그냥 하는 일은 없어요. 스스로 업무를 할 때 '왜?'를 항상 생각해요.
2. 완벽한 결과물은 없다고 생각해요. 빠르게 실행해 보고 아니면 개선해 나가요.
3. 하나의 팀으로 연결되어 있어요. 사내의 모든 정보는 투명하게 공유하고 있어요.
4. 스포츠팀처럼 일해요. 각자의 포지션에서 최고가 되기 위해 끊임없이 성장해요. 
5. 개인의 성장을 지지해요. 누구나 원하는 만큼 성장할 수 있도록 회사가 지원을 아끼지 않아요.
6. 직책 및 연차와 상관없이 모든 구성원이 자유롭게 소통하고 대단하게 피드백을 주고받아요.
7. 관계는 수평적이에요. 직급 대신 ‘님’이라는 호칭을 사용하고, 상호 존칭을 사용하며 서로를 존중해요.
8. 업무는 수직적으로 해요. 책임을 지는 의사 결정권자와 실무자의 구분을 명확히 해요.
9. 구성원들을 진심으로 아끼고 배려해요. 일은 힘들 수 있지만, 사람 때문에 힘든 일은 없어요.
10. 저녁 회식이 없어요. 다음 날 최상의 컨디션으로 일할 수 있도록 회사가 방해하지 않아요. 



【 당신의 성장을 적극적으로 지원해요! 】

■ 오직 일과 성장에만 몰입하고 집중할 수 있도록

• 업무 효율을 낼 수 있는 최고 스펙 장비 제공
   ┕ 맥북프로, LG 그램 (2-3년 주기 업그레이드)
• 27” 듀얼모니터 제공
• 쾌적한 업무 환경 제공 (스타일러, 가습기, IQ Air 공기청정기)
• 키보드, 마우스 등 필요한 주변기기 맞춤 제공
• 개인별 법인카드 지급 (식대, 출장 등에 사용)
• 사유를 묻지 않는 자유로운 연차 사용

■ 원하는 만큼 배우고, 성장할 수 있도록

• 교육비 무제한 전액 지원
• 세미나, 컨퍼런스 참여 비용 무제한 지원
• 20개 이상 교육 또는 온라인 콘텐츠 구독
• 도서 무제한 구입 지원
• Chat GPT 4.0 지원
• 업무에 필요한 다양한 툴 적극 지원

■ 함께하는 구성원이 행복할 수 있도록

• 법인카드 식대 지원(식대 1만 1천원)
• 패스오더 포인트 매월 지급 (50,000P)
• 에스프레소 머신, Tea 무제한 제공
• 간식(스낵바) 무제한 제공
• 종합건강검진 지원
• 명절 백화점 상품권 지급
• 생일 축하 백화점 상품권 지급
• 구성원 경조사 발생 시 근조화환 및 경조 휴가, 경조금 지원



【 이런 여정을 거치게 되실 거예요! 】

⎸서류전형 ＞ 사전 테스트(필요 시 생략) ＞ 1차 인터뷰(직무) ＞ 2차 인터뷰(컬쳐 핏) ＞ 서류, 레퍼런스 체크 ＞ 최종합격

• 전형이 생략되거나 추가 및 변경되는 등 지원 포지션 및 경력 등 기타 상황에 따라 유연하게 진행하고 있어요.
• 개발자 및 일부 포지션의 경우 서류전형 다음으로 사전 테스트(코딩테스트, SQL 테스트, 과제테스트, 사전질문 등)를 진행해요.
• 합격 여부와 관계없이 모든 전형의 결과를 안내해 드리고 있으며, 결과는 알림톡 및 메일을 통해 안내 드려요.
• 레퍼런스 체크를 진행하게 될 시, 사전에 지원자님께 반드시 동의를 구하고 진행해요.
• 입사일, 처우 협의 등은 최종합격 시 진행하고 있으며, 가능한 지원자님의 상황을 배려해 드리고 있어 요.



【 이렇게 일하게 되실 거예요! 】

⎸ 근무 형태: 경력 3년 미만 (6개월), 경력 3년 이상 (3개월) 수습

- 수습 기간은 지원자님과 회사가 서로를 알아가는 소중한 기간이에요. 수습 기간에도 급여 100% 지급 및 동일한 복지가 적용돼요. 수습기간 이후 내부 기준에 따라 정규직으로 계약하고 있어요.

⎸ 근무 지역: 해당 포지션은 서울, 부산 모두 채용 중이에요.

- 서울 삼성역 인근 (강남구 영동대로 85길 34, 6층)
- 부산 서면역 인근 (부산진구 서면로 39, 6층)



【 이런 서류를 제출해 주세요! 】

• 이력서
• 사전질문

아래의 사전질문에 대한 답변을 이력서와 함께 제출해 주세요!
⎸페이타랩에 지원하는 이유는 무엇인가요?
⎸페이타랩에 입사 시 어떤 방식 및 계획으로 업무를 진행하고 싶으신가요?


• 경력기술서 또는 포트폴리오 (선택)
⎸재무회계 업무 경험에 대한 자세한 설명이나 구체적인 자료가 포함되면 좋아요!
⎸주도적으로 재무회계 시스템을 구축하고 관리해 보았던 경험 또는 세무 이슈를 파악하여 솔루션까 만들어 냈던 경험이 있다면 알려주세요.



【채용에 진심인 채용담당자의 한마디】

구성원분들을 부품으로 여기지 않고, 한 분 한 분을 소중하게 생각하는 만큼 시간이 오래 걸리더라도 신중하게, 우리와 맞는 분을 모시기 위해 노력하고 있어요. 일부 지원자분들에게는 페이타랩 합류 과정이 다소 까다롭고 긴 여정이라고 느끼실 수도 있지만, 서로에 대해 깊게 알아가는 시간이라고 생각해 주시고 우리의 채용 여정을 진심으로 바라봐 주시면 감사하겠습니다. :)",,"장비지원, 커피·스낵바, 자기계발지원, 식대지원, 건강검진지원, 51~300명, 설립4~9년, 누적투자100억이상, 인원성장",상시채용,,부산 부산진구,페이타랩(패스오더)
투자 담당자,"[모두가 나답게 일하고 성장할 수 있는 세상을 만들어 갑니다.]
원티드랩은 일하는 사람들의 미래를 만드는 HR테크 기업입니다. 2015년 채용 서비스 원티드를 선보인 후 1,000만 건 이상의 매칭 데이터를 쌓았고 이를 바탕으로 AI 매칭 알고리즘을 개발해 합격률을 일반 지원 대비 4배 이상 높였습니다. 이외에도 교육 프로그램, 프리랜서 매칭 플랫폼, HR 솔루션 등 일과 관련된 다양한 서비스를 제공하고 있습니다.

[원티드랩의 미션과 비전]
• 미션 : 일하는 사람들의 더 멋진 내일을 돕는다.
• 비전 : HR 혁신을 주도하여 사람들의 잠재력을 극대화하는, 'Beyond HR' 서비스

[원티드랩의 일하는 방식, Wanted Way]
• 성장지향(Growth Mindset) : 할 수 있다는 마음으로, 중요하고 어려운 미션에 기꺼이 도전하고 주도한다.
• 린한실행(Lean Action) : 바로 시작하고, 피드백과 데이터를 빠르게 반영하여, 최선의 방안을 찾아간다.
• 프로다움(Professionalism) : 치열하게 논의하고, 동의하지 않아도 높은 책임감, 품질, 속도로 팀 성과에 헌신한다.

[원티드랩 팀 블로그]
•","• HR테크 및 채용 시장 트렌드 분석을 통한 투자 전략 수립 및시장 투자 기회 발굴
• 전사 신사업 방향에 연계된 투자처 발굴 및 시너지 검증
• 전사 투자 세부 기획 및 프로젝트 일정과 예산 관리
• 외부 협업사/내부 협동 조직과의 협업 및 커뮤니케이션 리딩
• 회사의 중/장기 Vision에 따라 미래성장엔진 확보를 위한 투자 포트폴리오 구성","• 스타트업 투자 경험이 2년 이상 있으신 분
• 전략과 연계한 투자 프로젝트 매니지먼트 경험이 있으신 분
• 재무적 임팩트에 대한 심도 있는 이해 및 모델링에 의거한 투자 결정/프로젝션 경험이 있으신 분","• 국내외 HR테크 산업 경험이 있으신 분
• 채용 솔루션 관련 글로벌 시장 경험 또는 네트워크 보유하신 분
• 플랫폼 운영 및 비즈니스 모델 경험이 있으신 분
• 컨설팅 경험이 있으신 분","[업무 효율 및 몰입을 위한 기본 정책]
- 선택적 근로시간 제도 운영(10시~17시 코어타임)
- 모션 데스크, 트리플 모니터, 집중 업무공간 등을 갖춘 자율 좌석
- 전사 OKR 수립으로 명확한 비전 공유, 효과적-효율적인 업무 관리
- 월 3회 전사미팅을 통해 활발한 협업과 정보 공유
- 연 2회 조직문화 서베이 시행, 업무 환경 및 제도 고도화

[성장과 자기 계발]
- 일한만큼 보상하는 커리어 성장 제도를 통한 파격적 연봉 인상 기회
- 외부 컨퍼런스, 교육 참석 및 업무 관련 자격증 취득 비용 지원
- 스터디 그룹 운영비 지원 (도서 구입, 콘텐츠 구독 비용 등)
- 업무 및 성장 관련 도서 구매 무제한 지원
- 커리어 성장 니즈 설계 및 동기부여를 위한 리더-구성원의 1on1 지원
- 팀 빌딩, 리더십, 조직문화 활성화 등을 위한 다양한 교육 프로그램 

[업무 몰입을 위한 건강 관리 및 편의 지원]
- 서울의 대표 랜드마크 롯데월드타워 35층에 위치하여 쾌적하고 안전한 사무실
- 마음 Heal 프로그램 운영 (전문가 심리 상담, 진단, 해석 프로그램)
- 3, 5, 7년 만근 시 2주의 유급 리프레시 휴가
- 스스로 계획하여 자유롭게 사용할 수 있는 휴가 (반반차 제도 운영)

[원티드랩의 문화, 제도, 일하는 방식 더 자세히 확인하기 : https://blog.wantedlab.com/recruit/culture]",서류 전형 - 1차 면접 - 2차 면접 - 레퍼런스 체크 - 처우 협의 - 입사일 확정,"장비지원, 건강검진지원, 자유로운휴가, 식대지원, 커피·스낵바, 연봉상위2~5%, 51~300명, 설립4~9년, AI 선도 기업, 누적투자100억이상",상시채용,"신속 간결한 스타일, 과정 중심 질문, 친절/따뜻한 스타일, 자유롭고 편한 환경",서울 송파구,원티드랩
회계 담당자 [회계팀],"[모두가 나답게 일하고 성장할 수 있는 세상을 만들어 갑니다.]
원티드랩은 일하는 사람들의 미래를 만드는 HR테크 기업입니다. 2015년 채용 서비스 원티드를 선보인 후 1,000만 건 이상의 매칭 데이터를 쌓았고 이를 바탕으로 AI 매칭 알고리즘을 개발해 합격률을 일반 지원 대비 4배 이상 높였습니다. 이외에도 교육 프로그램, 프리랜서 매칭 플랫폼, HR 솔루션 등 일과 관련된 다양한 서비스를 제공하고 있습니다.

[원티드랩의 미션과 비전]
• 미션 : 일하는 사람들의 더 멋진 내일을 돕는다.
• 비전 : HR 혁신을 주도하여 사람들의 잠재력을 극대화하는, 'Beyond HR' 서비스

[원티드랩의 일하는 방식, Wanted Way]
• 성장지향(Growth Mindset) : 할 수 있다는 마음으로, 중요하고 어려운 미션에 기꺼이 도전하고 주도한다.
• 린한실행(Lean Action) : 바로 시작하고, 피드백과 데이터를 빠르게 반영하여, 최선의 방안을 찾아간다.
• 프로다움(Professionalism) : 치열하게 논의하고, 동의하지 않아도 높은 책임감, 품질, 속도로 팀 성과에 헌신한다.

[원티드랩 팀 블로그]
•","• 별도결산 및 연결결산 수행
• 신규사업 관련 회계 이슈 검토 및 사업부 지원
• 감사 대비 감사보고서 및 주석 작성
• 사업부 매출, 손익 등 관리회계 담당","• 모집분야 유관업무 경력 3~5년 이상이신 분
• 회계 전담 팀에서 경험이 있으신 분","• 상장사 회계 감사 수감 경험이 있으신 분
• 커뮤니케이션이 원활하신 분
• 더존 ERP 사용 경험이 있으신 분
• 국책과제 관련 회계처리 경험이 있으신 분","[업무 효율 및 몰입을 위한 기본 정책]
- 선택적 근로시간 제도 운영(10시~17시 코어타임)
- 모션 데스크, 트리플 모니터, 집중 업무공간 등을 갖춘 자율 좌석
- 전사 OKR 수립으로 명확한 비전 공유, 효과적-효율적인 업무 관리
- 월 3회 전사미팅을 통해 활발한 협업과 정보 공유
- 연 2회 조직문화 서베이 시행, 업무 환경 및 제도 고도화

[성장과 자기 계발]
- 일한만큼 보상하는 커리어 성장 제도를 통한 파격적 연봉 인상 기회
- 외부 컨퍼런스, 교육 참석 및 업무 관련 자격증 취득 비용 지원
- 스터디 그룹 운영비 지원 (도서 구입, 콘텐츠 구독 비용 등)
- 업무 및 성장 관련 도서 구매 무제한 지원
- 커리어 성장 니즈 설계 및 동기부여를 위한 리더-구성원의 1on1 지원
- 팀 빌딩, 리더십, 조직문화 활성화 등을 위한 다양한 교육 프로그램 

[업무 몰입을 위한 건강 관리 및 편의 지원]
- 서울의 대표 랜드마크 롯데월드타워 35층에 위치하여 쾌적하고 안전한 사무실
- 마음 Heal 프로그램 운영 (전문가 심리 상담, 진단, 해석 프로그램)
- 3, 5, 7년 만근 시 2주의 유급 리프레시 휴가
- 스스로 계획하여 자유롭게 사용할 수 있는 휴가 (반반차 제도 운영)

[원티드랩의 문화, 제도, 일하는 방식 더 자세히 확인하기 : https://blog.wantedlab.com/recruit/culture]",서류 전형 - 1차 면접 - 2차 면접 - 레퍼런스 체크 - 처우 협의 - 입사일 확정,"장비지원, 건강검진지원, 자유로운휴가, 식대지원, 커피·스낵바, 연봉상위2~5%, 51~300명, 설립4~9년, AI 선도 기업, 누적투자100억이상",상시채용,"신속 간결한 스타일, 과정 중심 질문, 친절/따뜻한 스타일, 자유롭고 편한 환경",서울 송파구,원티드랩
재무 담당자,"로칼은 빅데이터와 AI 기술을 활용해 개인화된 고객 맞춤형 제품을 개발하고, 최적화된 배달 솔루션과 조리 자동화를 통해 외식 서비스의 효율성을 극대화하는 혁신적인 푸드테크 기업이에요. 로칼의 핵심 경쟁력은 다음과 같아요.

1. 빅데이터 기반의 고객 맞춤형 솔루션
2. 디지털 마케팅과 배달 최적화 기술
3. 조리 자동화를 통한 공정 혁신

재무 담당자로서 로칼의 재무 건전성을 유지하고, 정확한 재무 정보를 제공하는 중요한 역할을 맡게 될 거예요. 다양한 재무 업무를 통해 회사의 성장을 지원하고, 경영진의 의사결정에 기여할 수 있는 기회를 잡아보세요!","• 결산 및 손익계산
• 세무 신고 관리(부가세, 법인세 등)
• 분/ 반기별 재무 실적 보고 자료 작성 및 검토
• 기말 재무제표(별도/ 연결) 작성 및 감사 대응
• 내부 업무시스템 관리
• 경영지원 공통 업무","• 재무 및 회계 관련 학사 학위 소지자
• 관련 분야에서 최소 5년 이상의 경력
• 재무 분석 및 보고서 작성 능력
• ERP 시스템 사용 경험","• 프랜차이즈 유 경험자
• MS Office 및 회계 소프트웨어 활용 능력","• 유연 근무제 제공
• 건강 검진 및 의료 지원
• 자기 계발을 위한 교육비 지원
• 연차 및 휴가 제도
• 성과에 따른 인센티브 및 스톡옵션 제공","• 서류 전형
• 1차 면접
• 2차 면접
• 최종 합격 발표","보너스, 사내동호회, 스톡옵션, 신규 가입 기업, 자기계발지원, 연봉상위11~20%, 인원 급성장, 50명이하",상시채용,,서울 성동구,로칼
펫보험 계약/운영(GA) 담당자,"핏펫은 2017년 반려동물 건강검진 키트 '어헤드'로 사업을 시작하였으며, 반려동물 용품 구매, 동물병원 예약이 가능한 플랫폼인 '핏펫몰'로 사업을 확장하여 국내 펫 업계를 리딩하고 있는 펫 라이프케어 플랫폼입니다.

현재 핏펫은 누적 900억원의 투자유치를 성공시켰으며, 연간 1천억원의 매출을 바라보는 미래 유니콘으로 성장해 나가고 있습니다. 더불어 최근 NH투자증권과 대표주관계약을 완료하여 IPO를 목표로 빠르게 성장하고 있습니다.

핏펫과 함께 최고의 결과를 만들어 낼 예비 핏펫터즈 여러분의 많은 지원을 기다립니다.


[ 채용 절차 ]
• 서류 접수 ＞ 1차 직무 인터뷰 ＞ 2차 컬처핏 인터뷰 ＞ 처우협의 ＞ 최종합격
• 1차 면접자를 대상으로 면접 당일, ＜주요 보험사 포털 로그인 및 상품 설계＞과제가 진행될 수 있습니다.
• 필수 제출 서류 : 자유 양식의 이력서 또는 경력기술서 (PDF 형식 권장)
• 지원하는 포지션에 따라 레퍼런스 체크, 과제 또는 코딩 테스트 전형이 추가될 수 있습니다.
• 리더 포지션의 경우 추가 면접이 진행될 수 있습니다.


[ 지원 전 확인 사항 ]
• 본 포지션은 수시채용으로 채용 완료 시 마감될 수 있습니다.
• 3개월의 수습 기간이 있으며, 수습 기간 동안 급여는 100% 지급됩니다.
• 지원서 및 제출하신 서류에 허위 사실이 확인될 경우 입사가 취소될 수 있습니다.
• 서류 지원 시 출신 지역, 신체 정보, 가족 사항, 연봉 정보 등 직무와 관계없는 개인 정보는 제외 후 지원 바랍니다.
• 타 포지션 또는 자회사의 포지션이 더 적합하다고 생각될 경우, 해당 포지션을 추가로 제안 드릴 수 있습니다.","• 펫보험 비교견적, 설계, 수납 등 체결 업무를 합니다.
• 가망고객 펫보험 상담 등 비대면으로 고객을 관리합니다.
• 체결계약의 보험료 수납 등 보험총무 업무를 합니다.","• 원수사 및 GA(대리점)에서 보험상품 비교견적/수납업무 경험이 있으신 분 (손해보험 업무 능통 선호)
• 각 사업단 총무들과 원활한 업무소통이 가능하며 밝고 긍정적인 마인드를 가지신 분
• 솔선수범하시고, 업무적 세심함 및 감각이 있으신 분","• 생명 또는 손해보험설계사 자격을 갖고 있으신 분
• 최근 2년 이내 1년 이상 원수사에 1년 이상 근무하신 분
• 다양한 보험경험 및 폭넓은 업무역랑을 가지신 분
• 기존 보험회사, 대리점 총무 역할 이상의 성장을 원하시는 분","• 매월 첫 번째 금요일은 핏펫터즈 쉬는 날 (놀금제도)로 운영합니다.
• 유연근무제 (오전 9시 ~ 11시)를 운영합니다.
• 반반차 운영 및 졸업, 이사 휴가를 지원합니다.
• 최고 업무 환경을 제공합니다. (허먼밀러 의자 등)
• 식사는 든든하게, 매일 다섯 가지의 다양한 중식 서비스를 제공합니다.
• 무제한 간식, 음료를 제공합니다.
• 경조사를 지원합니다. (경조휴가, 경조금, 경조물품 등)
• 출장, 외근, 야근 시 교통비를 지원합니다.
• 카쉐어링 서비스 직원 할인가에 제공합니다.
• 일정 비용 한도 내 도서 및 직무 교육비를 지원합니다.
• 편안하게 쉴 수 있는 휴식 공간 제공합니다. (안마의자 등)
• 핏펫터즈 생일 축하 선물을 제공합니다.
• 핏펫터즈의 건강한 일상을 위해 매년 건강검진을 지원합니다.
• 핏펫터즈 전용 반려동물 유치원을 운영합니다.
• 반려가족 입양 지원 및 반려동물 장례비용을 지원합니다.
• 동물병원 진료비 할인 지원 및 핏펫몰 제품 할인을 제공합니다.",,"보험, 보험 확인, 보험 청구, 손해 사정",,,서울 강남구,핏펫(Fitpet)
재무 회계 주니어급,"마이브라운은 2024년 삼성화재 등이 130억 이상을 출자해서 설립한 펫 전문보험회사입니다.
동물병원 전자 의료기록(EMR) 기반의 보험상품 및 자동심사 프로세스를 개발함으로써 반려동물 산업 생태계를 주도하는 플랫폼을 구축하고자 합니다.
보험전문인력과 모바일 기반 보험사로서의 혁신성과 금융기관의 전문성을 동시에 확보하기 위해, 금융 및 IT 인력이 유기적으로 결합된 조직에 참여할 인재를 모집합니다.","• 자금 계획 및 운영(입금)
• 기간별 결산 및 마감 (월/분기/반기/연간)
• 세금 신고 및 납부 (원천세,부가세,법인세 등)
• 기타 재무 이슈 파악 및 회계 장부 관리","• 최소 1년 이상의 재무/회계/세무 관련 업무 경험
• 꼼꼼하고 책임감 있으며 협업과 커뮤니케이션 능력이 우수하신 분
• OA 활용 능력이 우수하신 분","• 관련 학과 전공자 (금융/세무/회계학)
• 스타트업 재직 및 자기주도적인 업무 경험
• 보험 회계 관련 업무 경험","ㆍ단체상해 : 본인/배우자/자녀 대상 단체보험 가입
    ※상해/질병의료비 최대 5천만원, 진단비(암,뇌졸중 등) 최대 1천만원, 사망/후유장해 2억원 등
ㆍ건강검진 : 본인/배우자 대상
ㆍ임직원 생일 선물 및 각종 경조사 지원
ㆍ자율출퇴근제 : 8시 ~ 10시
ㆍ장기 근속 대상자를 위한 리프레시 휴가",서류 전형 - 1차 면접 - 2차 면접 (필요시) - 최종 합격,"건강검진지원, 단체보험, 의료비지원, 유연근무",2024.11.08,,서울 서초구,마이브라운
[빗썸] STR 보고 담당자 (직책자),"세상의 모든 가치가 거래되는 곳,
대한민국 대표 가상자산 거래소 빗썸에서 함께 성장할 동료를 찾고 있습니다.

빗썸은 매일 82만명이 방문하고 하루 평균 약 2조 2천억원에 달하는 가상자산이 거래되는, 그리고 월렛(Wallet)과 대체불가능토큰(Non-Fungible Token, NFT), 메타버스(Metaverse) 등의 기술을 바탕으로 블록체인 기반의 암호화폐 생태계를 선도하고 있는 대한민국 최고의 가상자산 거래소입니다.

대용량 트래픽을 안정적으로 처리할 수 있는 고성능 거래 체결 엔진을 바탕으로 투명하고 공정한 검증을 거쳐 상장된 가상자산과 NFT를 포함한 다양한 블록체인 기반 콘텐츠 상품군을 통해 이용자에게 최적의 트레이딩 서비스를 제공하는 것을 목표로, 빗썸은 오늘도 빠르게 성장하고 있습니다.

빗썸의 미래와 함께 성장할 도전적인 인재, 멋진 우리의 동료를 기다립니다.","• STR(의심거래보고) 보고서 검토 및 품질 고도화
• STR(의심거래보고) Rule 유효성 검증 및 고도화
• 의심거래 감시체계(내부통제체계) 운영
• AML 시스템 운영, 기획, 고도화 관리
• STR(의심거래보고) 보고 사례 활용한 유형별 템플릿 고도화
• 감독당국 커뮤니케이션 및 검사 대응
• AML 전제범죄와 가상자산 자금세탁범죄 연구 
• AML 교육 및 역량 강화 프로그램 기획
• 내부 규정, 정책, 업무 프로세스 고도화","• 금융권(가상자산업권포함)에서 업무 경력 7년이상 있으신 분
• 자금세탁방지 업무 경력(준법감시업무 포함) 5년이상 있으신 분
• 자금세탁방지제도 및 관련 법규에 대한 기본 지식을 보유하신 분
• 징계받은 이력이 없으신 분","• 특정금융정보법, 가상자산이용자보호법, 자본시장법 및 자금세탁방지제도에 이해도가 높으신 분
• 가상자산 거래 및 산업에 대한 이해도가 높으신 분
• STR(의심거래보고) 작성 관련 업무 경력 2년이상 있으신 분
• CAMS, KCAMS, TPAC 등 자격증을 보유하신 분

[채용절차]

• 서류전형 ＞ 인터뷰 ＞ 최종합격

• 본 공고는 수시채용으로 진행되며, 채용 완료 시 조기에 마감될 수 있습니다.
• 서류전형 결과에 따라 Pre-Test(전화 인터뷰 또는 온라인 테스트)가 진행될 수 있습니다.
• 채용절차는 일정과 상황에 따라 사전 안내 후 변경될 수 있으며, 각 전형의 결과는 개별적으로 안내하여 드립니다.
• 입사 후 3개월의 수습기간을 적용하며, 평가 결과에 따라 수습기간이 연장되거나 채용이 취소될 수 있습니다.
• 지원서에 기재된 내용 중 허위 사실이 발견될 경우 채용이 취소될 수 있습니다.
• 국가 유공자 · 장애인 등 취업보호대상자는 관계법령에 따라 우대합니다.
• 당사 보안정책으로 인해 Notion 접근이 불가합니다. 포트폴리오를 Notion으로 제작한 경우에는 PDF 형식의 파일로 다운로드 받아 별도로 첨부 바랍니다.","[업무에 몰입할 수 있는 환경을 조성합니다.]

• 비포괄임금제 | 일한만큼 받습니다. 초과근무 시 1분단위 수당으로 보상합니다.
• 선택적 근로시간제 | 출퇴근시간을 본인이 선택하여 복잡한 출퇴근길을 피할 수 있습니다.
• 복지포인트 연간 840만원 지급 | 항목에 상관없이 자유롭게 사용 가능한 복지포인트를 연간 840만원 지원합니다.
• 출퇴근 교통비 지원  |  야간/휴일근무 시 카카오T 비즈니스를 이용하여 편하게 출퇴근합니다.


[ 구성원의 편리한 생활을 지원합니다.]

• 삼시세끼 제공   
- 조식 : 샌드위치, 샐러드 등 간단하고 건강한 메뉴들이 매일 다양하게 준비되어있습니다.
- 중식 : 비싼 강남 물가에 맞게! 연봉에 포함되지 않는 식대를 월 22만원 지급합니다.
- 석식 : 퇴근이 늦어질 경우, 저녁식사비로 식권대장 포인트 12,000원 지급합니다.
- 휴일 : 휴일 근무 시에는 점심/저녁식사비로 식권대장 포인트를 끼니당 18,000원씩 지급합니다.
• 간식·음료 무제한 스낵부스 운영 | 과자류, 간편식 뿐만 아니라 유산균이나 홍삼같은 건강식품까지 제공합니다.
•  장부식당 운영 | 빗썸 직원들과의 저녁모임 시, 고기·호프·치킨집 등 제휴된 식당을 자유롭게 이용할 수 있습니다.
• 주택자금대출 | 주택 매매/임차 시 최대 5년간 1억원까지 무이자로 지원합니다.
• 자녀학자금 | 유치원·어린이집 240만원, 초/중/고등학교 180만원, 대학교 1,000만원까지 연 단위로 지원합니다.
• 기념일 선물 | 명절·연말·생일·어버이날에는 한우, 카네이션, 기프트카드 등 다양한 선물을 나눕니다.


[구성원 개개인의 성장을 돕습니다.]

• 역량향상 교육 | 직무·역량개발을 위한 교육이라면 얼마든지 지원합니다.
• 외국어 교육 | 직원들의 외국어 능력 신장을 위해 외국어 교육을 지원합니다.
• 도서 구매 | 빗썸 직원이라면 업무에 필요한 도서를 무제한 구매할 수 있습니다.
• 사내 도서관 운영 | 매월 신간이 30권씩 입고되는 사내 도서관을 운영합니다. 


[본인과 가족들의 건강 걱정을 덜어드리고 퀄리티 높은 휴식을 보장합니다.]

• 건강검진 | 본인·배우자·자녀·부모님에게 프리미엄 건강검진을 제공합니다. 한방특화 검진도 가능합니다.
• 단체상해보험 | 임직원들의 병원비 부담을 덜어내는 단체상해보험 가입을 지원합니다.
• 사내 동호회 활동 지원 | 빗썸의 다양한 사내 동호회를 인당 2개까지 가입할 수 있습니다.
• 리조트·콘도 지원 | 아난티·소노인터내셔널 등 국내 유명 휴양콘도 숙박을 지원합니다.",,"유망산업, 사내동호회, 커피·스낵바, 대출지원, 식대지원, 어린이돌봄, 건강검진지원, 복지포인트, 연봉상위1%, 301~1,000명, AI 선도 기업, 인원 급성장, 설립10년이상",상시채용,"신속 간결한 스타일, 과정 중심 질문, 천천히 기다려준 편, 캐주얼/편한 분위기",서울 강남구,빗썸코리아
재무회계 Lead,"[일상을 편하고 맛있게]
간편식 업계 1위를 넘어 글로벌 HMR 시장을 함께 이끌어갈 동료를 찾아요‍!

윙잇은 간편식 플랫폼 윙잇과 10개의 독점 PB 브랜드를 운영하고 있어요. 맛있는 요리를 간편하게 즐길 수 있는 삶을 비전으로, 누구나 5분 내 조리 가능한 간편식을 윙잇만의 300종 이상의 PB 상품으로 선보이고 있습니다.
국내 간편식 시장 뿐만 아니라 오프라인 F&B와 소상공인 대상 B2B 사업자몰 윙잇 Biz를 론칭하며 신사업을 확장해 나가고 있고, 글로벌 13개국에 진출하며 국내 간편식 플랫폼 1위를 넘어 글로벌 K-푸드 브랜드로 눈부시게 성장하고 있답니다!

윙잇과 함께 빠르게 성장할 수 있는 동료를 모시고 있어요. 이 여정에 지금 바로 합류하세요!","• 재무 총괄 업무 (회계/세무/자금)
• 월별/분기별 연간 손익 검토, 재무 보고서 작성 및 분석
• 법인 결산/외부 감사 및 대응
• 예산 및 자금 집행 관리
• IR 및 투자자 응대 커뮤니케이션
• 법인 예산 통제","• 관리자가 아닌 실무형 리드로서의 성장을 원하시는 분
• 원활한 커뮤니케이션 스킬을 보유하신 분
• 재무 회계 경력이 10년 이상이신 분","• 이커머스 기업 혹은 스타트업에서 근무해보신 분
• 팀 또는 부서 이상을 이끌어보신 분
• 회계/세무 관련 자격증을 보유하신 분","• 8:00~10:30 자율 출퇴근제 (8시간 근무 후 퇴근)
• 윙잇 자사몰 및 파트너사 이용 40% 할인
• 주 1회 재택근무
• 점심 식대 혹은 주거비 지원(선택형 복지제도)
• 자유로운 연차, 반차, 반반차 제도
• 매 3/5/7년마다 안식휴가 및 휴가비 제공
• 명절 반차 및 선물 제공, 생일 반반차 제공
• 스낵바, 커피/음료 등 무제한 지원","서류 전형 ＞ 인터뷰 전형 ＞ 최종합격

• 각 전형 별 결과 안내는 최대 1~2주가 소요되며, 검토가 지연되거나 일정 변경이 있을 경우 별도 안내해 드려요.","커피·스낵바, 식대지원, 자유로운휴가, 휴가비, 51~300명, 설립4~9년, 아시아·태평양 고성장, 자기계발지원, 인원 급성장, 누적투자100억이상, 재택근무",상시채용,,서울 구로구,윙잇
보험 상품 개발,"마이브라운은 2024년 삼성화재 등이 130억 이상을 출자해서 설립한 펫 전문보험회사입니다.
동물병원 전자 의료기록(EMR) 기반의 보험상품 및 자동심사 프로세스를 개발함으로써 반려동물 산업 생태계를 주도하는 플랫폼을 구축하고자 합니다.
보험전문인력과 모바일 기반 보험사로서의 혁신성과 금융기관의 전문성을 동시에 확보하기 위해, 금융 및 IT 인력이 유기적으로 결합된 조직에 참여할 인재를 모집합니다.","- 상품개발 및 관리 (개발, 개정, 보험요율 Pricing 등)
- 상품운영 및 개선 (수익성 분석, 변경 등)
- 상품개발 규정 체크
- 기초서류 작성 및 인가",- 보험상품 개발 경력 보유,"- 일반보험 상품경력 3년 이상
- 요율산출 경력
- 계리사 자격증 우대","ㆍ단체상해 : 본인/배우자/자녀 대상 단체보험 가입
    ※상해/질병의료비 최대 5천만원, 진단비(암,뇌졸중 등) 최대 1천만원, 사망/후유장해 2억원 등
ㆍ건강검진 : 본인/배우자 대상
ㆍ임직원 생일 선물 및 각종 경조사 지원
ㆍ자율출퇴근제 : 8시 ~ 10시
ㆍ장기 근속 대상자를 위한 리프레시 휴가",서류 전형 - 1차 면접 - 2차 면접 (필요시) - 최종 합격,"건강검진지원, 단체보험, 의료비지원, 유연근무",2024.11.08,,서울 서초구,마이브라운
SSEM R&D 담당자 (세금 이론),"• 널리소프트는 ""사업에 관한 어려운 문제를 소프트웨어로 해결한다"" 는 미션 아래, AI로 모든 세금 혜택을 찾아서 편리하게 세금을 신고할 수 있는 ""알고리즘 세금신고 SSEM"" 을 서비스 하고 있는 테크 스타트업 입니다.
• SSEM은 출시 시점부터 지금까지 계속해서 사용자의 높은 지지를 받으며 (스토어 평점 4.8 이상), 개인사업자 세무 시장을 소프트웨어 기술력으로 혁신하고 있습니다.
• 우리는 세금 뿐 아니라 사업을 하면서 겪는 모든 어려운 문제를 소프트웨어로 해결해 나갈 것 입니다.
• 널리소프트는 핀테크 기술력에 기반한 소프트웨어 스타트업으로, 알고리즘 세금신고 SSEM을 개발하고 운영합니다.
• SSEM은 지금까지 300만 다운로드, 100만 사용자를 획득하였고, 스토어 평점 4.8이상 을 기록하여 사용자에게 사랑받으며 시장을 혁신하고 있습니다.
• SSEM의 사업성을 인정받아 24년 상반기에 50억원의 시리즈 B 투자를 유치했으며, 지금까지 받은 총 투자 금액은 127억원 입니다.
• 카카오뱅크 외 4개사(국내 TOP 20개에 포함)로부터 투자 유치하여, 본격적인 마케팅과 함께 서비스를 확장해 나가고 있습니다.


"" 우리가 제공하는 것 ""
• 혁신적인 기술로 시장을 선도하며 함께 성장할 기회
• 유연한 근무 환경과 업계 최고 수준의 대우
• 스타트업 테크 시장에서 두각을 나타낼 수 있는 기획","• 세금 이론 연구 담당
• 다양한 사업 유형에 따른 절세 혜택 및 세금 정책에 대한 연구
• 다양한 절세 전략 분석
• 부가가치세, 종합소득세, 법인세에 대한 이론 정립
• 변경되는 세법 리서치
• 세법의 해석 및 적용 사례 분석","• 회계, 세법, 경영학
• 정량적 연구 및 데이터 분석에 능숙한 사람
• 강력한 분석력과 문제 해결 능력
• 커뮤니케이션 능력
• 어렵고 복잡한 상황을 명료하게 정리하는 문서 능력","• 회계사, 세무사 자격증 및 이에 준하는 관련 업계 경력
• 회계사, 세무사 자격증 1차 합격자도 지원 가능","• 수평적이고 편한 사무실 분위기
• 회사와 같이 나의 커리어 성장도 가능한 곳
• 연차휴가의 자유로움
• 눈치보지 않는 출퇴근 (근무시간 10시-18시)
• 개인별 법인카드 제공 (식대, 야근교통비, 도서지원 등 지원)",,"식대지원, 자기계발지원, 50명이하, 인원 급성장, 설립10년이상",상시채용,,서울 영등포구,널리소프트
IR 팀장,"위메이드는 20여 년간 게임업계에서 활약해 왔습니다.

미르4를 성공적으로 출시해 게임업계에 “Play & Earn”이라는 새로운 패러다임을 이끌었고, 블록체인 선두주자로서 자체 메인넷 WEMIX 3.0을 비롯해, 블록체인 게이밍, NFT·DAO, DeFi 등 다양한 플랫폼을 통해 생태계 구축에 박차를 가하고 있습니다.

이 외에도 IP 확장, 사업 다각화, 메타버스 등 미래사업 투자를 적극 추진하며 독보적인 글로벌 종합 플랫폼 기업으로 거듭나고 있습니다.

무한한 상상력을 현실로 만드는 위메이드와 함께 하실 분은 지원해 주세요.

#미르4 #나이트크로우 #블록체인 #NFT #DAO #DeFi #WEMIX #WEMIXPlay #NILE #WEMIX.Fi","• 국내/외 IR 업무(NDR, 컨퍼런스, 애널리스트/투자자 미팅 진행)
• IR 전략 수립 및 실행
• 분기/연간 실적발표 기획 및 진행
• 정기, 수시 공시 진행
• 주주총회 제반 업무","• 경력 8년 이상이신 분
• 상장사 IR 및 공시 업무 경험을 보유하신 분
• 원활한 커뮤니케이션 능력을 보유하신 분","• 게임, 블록체인 산업 전반에 대한 이해가 높으신 분
• 외국어 능력을 보유하신 분
• 팀 리딩 경험이 있으신 분","복리후생에 대한 자세한 내용은 아래의 링크를 참고 부탁드립니다.
https://recruit.wemade.com/welfare","[전형절차]
서류전형 - 실무면접 - 임원면접 - 최종합격
* 서류전형의 경우, 합격자 분들에 한하여 개별 안내드립니다.
* 직무에 따라 면접 전형 전후로 과제 전형이 추가 될 수 있습니다.
* 면접결과 확정 및 처우협의(입사일 포함) 완료 후 최종합격이 결정됩니다.
* 본 공고는 적격자 채용 시 마감될 수 있음을 알려드립니다.
* 장애인, 국가보훈대상자는 관계 법령에 의거하여 우대합니다.
* 지원서 내용이 사실과 다를 경우 합격 및 입사가 취소될 수 있습니다.","편의시설, 단체보험, 커피·스낵바, 건강검진지원, 복지포인트, 유급휴가, 식대지원, 유망산업, 연봉상위1%, 301~1,000명, 누적투자100억이상, AI 선도 기업, 설립10년이상, 경기도 우수 중소기업",2024.11.26,"신속 간결한 스타일, 과정 중심 질문, 진중/칼같은 스타일, 자유롭고 편한 환경",경기 성남시,위메이드(WEMADE)
FP&A Specialist(경영관리 담당),"[OpsNow를 소개합니다]
OpsNow는 2023년 7월, 베스핀글로벌에서 분사한 전문 소프트웨어 회사로서 Autonomous CMP 세계 시장을 선도하기 위해 설립되었습니다.
고객이 모든 클라우드 관련 업무를 하나의 플랫폼에서 효율적으로 관리할 수 있도록 클라우드 운영, 장애 인스턴스 관리, 시큐리티, AIOps 등 다양한 클라우드 개발 분야에서 활약하고 있습니다.","[이런 업무를 수행하고 경험하실 수 있습니다]
• 재무 계획 및 예산 작성
• 재무 분석 및 예측
• 정기적인 경영성과 분석 및 투자사 대상 경영 리포팅
• 성과 분석
• 투자 평가 및 의사 결정 지원
• 주요 재무적/비재무적 운영 지표 설계 및 모니터링을 통한 경영진 의사결정 지원","[이런 경험,역량,능력을 갖추신 분을 찾고 있습니다]
• 재무 분석 및 예산 작성 경험 
• 회계 결산 및 결산 영역의 프로세스에 대한 경험
• 탁월한 커뮤니케이션 및 프레젠테이션 기술
• ERP 경험 (SAP / 더존)
• 재무모델링에 대한 높은 이해도
• 재무적/비재무적 데이터 분석을 통한 인사이트 도출 경험","[이런 경험,역량,능력이 있으시다면 더욱 좋습니다]
• 재무 관리 또는 경영학 관련 학사 학위 소지자
• 금융 모델링 및 데이터 분석 능력 보유자 
• 석사 학위 또는 관련 분야에서의 추가 교육/자격증
• 국제적 환경에서의 경험 또는 국제적 재무 관리 경험
• 대기업 또는 글로벌 기업에서의 근무 경력
• 엑셀 및 기타 BI 툴 경험 및 기술
• 회계, 세무, 자금 경험이나 이해
• FP&A / 관리회계 체계 구축 경","[구성원의 업무 몰입을 위해 고민합니다]

1. 휴무/휴가
• 다양한 경조 휴가지원
• 반차/반반차 지원
• 리프레시 (근속) 휴가 지급

2. 복리후생/보상/수당
• 다양한 경조금 지원
• 정기 상여금
• 임직원 교육비, 도서 구입비, 자격증 취득, 임직원 학자금 지원
• 복지포인트몰 운영, 웰컴키트 지급
• 건강검진 (본인, 가족할인) 지원

3. 근태제도/사내문화
• 시차출퇴근제 및 재택 혼합 근무제도 시행 (조직별로 상이)
• 수평적 문화 지향","[아래와 같이 채용을 진행합니다]
• 채용 과정: 서류 전형 ＞ 1차 인터뷰 전형(화상 또는 대면) ＞ 2차 인터뷰 전형(대면) ＞ 처우 협의 ＞ 최종 합격
• 제출 서류: 경력 중심 이력서, 포트폴리오 (선택), 자기소개서 (선택)
• 채용 절차는 상황에 따라 변경될 수 있습니다

[지원 유의 사항]
• 전형 진행 중 또는 입사 예정 단계에서 허위 사실이 발견되는 경우 진행이 취소될 수 있습니다
• 취업보호대상자는 관련 법규에 의거하여 우대합니다","건강검진지원, 사내동호회, 자기계발지원, 51~300명, 연봉상위2~5%, 복지포인트, 보너스, 자유로운휴가, 유연근무",상시채용,,경기 성남시,옵스나우
FP&A,"1,000만이 선택한 전국민 생활 솔루션, 숨고

연결을 통해 우리의 일상에 유의미한 변화를 함께 만들어갈 당신을 찾습니다.

숨고는 누구나 참여하여 서로의 가치를 교환하는 마켓플레이스입니다. 2022년을 기준으로 숨고는 약 1,000개 이상의 카테고리에서 900만 명의 고객과 100만 명의 고수가 모여, 연간 거래액 약 6,000억원에 달하는 가치 교환을 만들어내는 생태계가 되었습니다.

하지만 숨고가 닿을 수 있는 약 126조 원 규모의 막대한 시장에 비한다면 지금의 성과는 아직 시작 단계에 불과합니다. 우리는 숨고 안에서 지금보다 훨씬 많은 연결이 만들어질 수 있도록 생태계를 키워나가고 있습니다. 한번도 가본적 없는 미지의 영역을 개척하고 우리 앞에 다가온 거대한 기회에 함께 도전할 용감한 당신을 기다립니다.

우리는 [ ]합니다
• 숨고 생태계의 가치와 비전에 공감합니다
• 스스로 문제를 정의하고 해결하는 전문가 조직을 지향합니다
• 자신이 맡은 일에 대해 프로라는 마음가짐을 가집니다
• 나이와 경력, 직무에 상관없이 모두가 자유롭고 투명하게 의사소통합니다
• 단순한 아이디어부터 중요한 결정까지 모든 과정에서 데이터를 기반으로 소통합니다
• 유저와 제품에 가장 큰 임팩트를 줄 수 있는 방법을 고민합니다

우리가 만들어낸 성과
2023. 12: 누적 견적서 1억 건 돌파
2023. 03: 누적 가입자 수 1,000만 돌파
2023. 02: 손익분기점 달성
2022. 01: 첫 TVC 런칭
2021. 11: 스마트대한민국대상 수상
2021. 07: 320억원 규모 시리즈 C 유치
2020. 12: 휴먼테크놀로지어워드 수상


[포지션 정보]
• 소속 팀: Finance Team
• 고용 형태: 정규직 (3개월 수습 기간)
• 근무 시간: 주 5일 (월~금), 탄력근무제 운영 (오전 8시 ~ 11시 자율 출근), 주 40시간 근무제 운영

[숨고 합류 여정]
• 제출 서류: 경력 중심의 이력서 (필수), 자기소개서 (선택)
• 채용 과정: 서류 전형 ＞ 1차 인터뷰 ＞ 2차 인터뷰 ＞ 처우 협의 ＞ 최종 합격
• 전형 과정에서 인터뷰 합격 후 레퍼런스 체크가 진행될 수 있습니다
• 숨고 및 지원자의 상황에 따라 전형 절차는 달라질 수 있습니다","[기술 스택 & 사용 툴]
• 더 존 스마트A, Slack, Google Workspace, Microsoft Office, Notion

[합류 직후 이런 일을 해요]
• 장단기 재무계획을 수립하고 계획 대비 Gap 분석을 통한 실적 관리와 Rolling Forecast를 운영합니다
• 사업계획에 따른 분기/연 단위 예산을 설정하고 관리합니다
• 주요 재무적/비재무적 운영 지표를 설계하고 지속적인 모니터링을 통해 경영진의 의사결정을 지원합니다
• 회사의 사업 전략과 전략적 투자에 대한 재무 모델링 및 시나리오 분석을 통한 타당성 검토를 진행합니다 
• 정기적인 경영성과 분석 및 투자사 대상 Reporting 업무를 지원합니다


[장기적으로 이런 일도 할 수 있어요]
• 회사의 전략 수립부터 실행계획까지 재무 관점에서의 내부 컨설팅 업무를 수행합니다
• 업무 효율성 향상을 위한 프로세스 개선 및 자동화 방안을 검토하고 실행합니다","• FP&A / 관리회계 분야에서 최소 5년 이상의 경력을 보유하신 분
• 재무모델링에 대한 높은 이해도를 기반으로 다양한 재무적/비재무적 데이터 분석을 통해 의미 있는 인사이트를 도출하는 데 기여할 수 있는 분 
• 업무에 대한 강한 책임감을 통해 조직에 긍정적인 임팩트를 가져온 경험이 있으신 분","• O2O, 매칭 플랫폼 및 커머스 등의 도메인에서의 업무 경험이 있으시거나 이에 준하는 이해도를 보유하신 분
• FP&A / 관리회계 체계를 zero base에서 구축해 본 경험이 있으신 분
• SQL, BI를 활용하여 유의미한 데이터를 추출하고 분석할 수 있으신 분
• 다양한 이해관계자들과의 명확한 커뮤니케이션에 능숙하신 분

[미래의 동료에게 드리는 한 마디]
안녕하세요, 숨고의 CFO YJ 입니다. 숨고의 Finance Team을 확장하는 과정에서 즐거운 마음으로 FP&A 기능을 운영하게 될 분을 모시게 되었습니다. 4명으로 구성된 Finance Team은 숨고의 비즈니스가 더욱 성장할 수 있도록 재무, 회계, 자금, IR 등의 업무를 수행하고 있습니다. 이번에 새로이 모시게 될 FP&A는 그중에서도 장단기 재무계획을 수립하고, 숨고의 재무성과를 분석하고 예측하는 업무를 담당하시게 됩니다. 또한, 다양한 재무적/비재무적 지표를 설정하고 모니터링하면서 효율적인 의사결정이 가능하도록 인사이트를 제공하는 업무도 함께 하시게 됩니다. 서비스 관점에서 숨고는 특별합니다. 숨고는 20대부터 50대에 이르는 1,000만명의 유저가 모여 1,000여가지의 서비스 속에서 활동하는 거대한 생태계이자 유일무이한 플랫폼입니다. 이를 기반으로 매년 150% 이상의 성장을 기록하고 있으며, 작년 1분기 BEP 달성을 한 이래로 꾸준히 영업이익을 달성하고 있습니다. 열정이 넘치는 사람들이 모여 높은 자율성 아래서 성장할 수 있는 곳, 숨고와 함께 할 역량 있는 당신을 기다리겠습니다 :)","[근무 환경과 복지]

1. 모두의 숨고를 위해 
• 최대 500만원의 인재 추천 포상 제도를 운영합니다
• 매월 팀원과의 점심 맛집 탐방, 팀별 회식을 지원합니다
• 사내 동아리 활동비를 매월 지원합니다
• 장기근속자는 10일의 refresh 휴가와 선물을 지급합니다
• 각종 정부지원사업을 적극 운영합니다
• 매년 명절(설날, 추석) 전 날 그리고 마지막 근무일에는 모두 조기 퇴근합니다 

2. 개인의 삶을 더 풍요롭게
• 구성원 모두에게 연간 240만원 상당 복지카드를 지급합니다
• 생일날 케이크와 상품권을 지급하고, 반차권을 드립니다
• 명절에는 구성원 모두에게 선물을 지급합니다
• 경조사 발생 시 경조휴가와 경조금을 지원합니다
• 건강 검진을 위한 당일 반차를 지원합니다
• 퇴직연금 제도를 운영합니다 

3. 몰입과 집중을 돕는 환경
• 지하철 2호선 선릉역에서 도보 2분 거리 쾌적하고 트렌디한 오피스에서 일합니다
• 루나랩 데스크, 노트북 등 최적의 업무 장비를 지원합니다 (포지션 별 상이)
• 무제한 커피, 음료, 간식을 제공하는 사내 편의점을 운영합니다
• 주 1회 리모트로 근무합니다
• 야근 시 식대와 교통비를 지원합니다

4. 함께 이루는 성장
• 전문성을 기를 수 있는 교육비, 도서비를 지원합니다 (최대 100만원)
• 숨고 서비스 이용 체험비를 지원합니다 (최대 100만원)
• 업무에 도움되는 외부 세미나, 컨퍼런스 참석을 권장하고 지원합니다
• 업무와 관련된 교육용 콘텐츠 지원합니다
• 활발한 사내 스터디와 세미나를 권장하고 지원합니다
 

[지원 시 유의사항]
• 동일한 포지션의 재지원은 결과 발표 후 6개월이 지난 이후에 가능합니다
• 지원서 내용, 또는 전형 진행 중 허위 사실이 있는 경우 전형 진행이 취소될 수 있습니다
• 취업보호대상자는 관련 법규에 의거하여 우대합니다",서류 전형 ＞ 1차 인터뷰 ＞ 2차 인터뷰 ＞ 처우 협의 ＞ 최종 합격,"자기계발지원, 커피·스낵바, 식대지원, 장비지원, 연봉상위11~20%, 51~300명, 누적투자100억이상, 설립10년이상, 유연근무",상시채용,"신속 간결한 스타일, 과정 중심 질문, 친절/따뜻한 스타일, 자유롭고 편한 환경",서울 강남구,"브레이브모바일(숨고,Soomgo)"
재경 담당자,"B GARAGE는 북미 최초로 드론을 활용한 물류창고 재고관리 자동화 서비스 상용화에 성공한 혁신적인 스타트업입니다.

B GARAGE는 한국과 미국 실리콘밸리 두 지역에 팀이 있으며, 자율비행 드론을 활용한 물류창고 재고관리 솔루션의 기술력을 인정받아 지난해 263억원 규모의 시리즈A 투자 유치를 마무리 지었습니다.

물류 업계의 난제인 재고관리를 혁신적으로 해결한 B GARAGE는 북미 10대 제3자 물류 회사와 PoC 검증을 성공적으로 마치고, 현재 여러 글로벌 회사의 물류창고에 B GARAGE 재고관리 자동화 서비스를 적용하기 위한 상업화 도입 검증을 진행하고 있습니다.

B GARAGE의 비전에 공감하고, 물류 산업의 혁신을 함께 이끌어 나갈 인재 분들을 찾고 있습니다.","앞으로 드론은 여러 산업군에 활용되며 우리 생활에 필수적인 부분으로 자리 잡을 것 입니다.

사람들의 드론에 대한 관념을 변화시키고 드론 활용의 지평을 넓혀 가는 것이 B GARAGE의 목표입니다.

재무어드민 경력직은 B GARAGE 한국 오퍼레이션팀에서 재무/회계 실무 및 비즈니스 운영을 위한 어드민 업무를 지원하고 미국 오피스와 함께 자율 비행 드론 및 자동 비행지원 시스템의 출시 지원을 이끌어 가시게 됩니다.

• 재무, 회계, 세무 업무 실무 전반
• 외부 회계감사 대응
• 경영진 의사결정을 위한 다양한 자료 지원 및 보고서 작성
• 번레이트, 런웨이 및 현금흐름 등 각종 KPI관리 지원
• 투자자 커뮤니케이션 자료 등 투자실사 및 투자사 대응 지원
• 법인 주요 서무 및 구매 등 한국 오피스 어드민 업무  
• 미국 오퍼레이션팀과의 프로세스 협업 진행","• 2년 이상의 재무/회계 실무 경력
• 미국 오피스와의 협업 수행을 위한 중급 이상의 영어 능력
• 구글 워크스페이스, Confluence, MS 오피스 등을 활용한 문서 및 자료 작성 능력
• 논리적/분석적 사고를 기반으로 한 문제 해결 및 원활한 실무를 위한 소통/업무이해 능력","• 대기업 및 스타트업에서 해당 실무 경력자 우대
• 회계 및 재무 관련 학위/자격증 소지자 우대 
• 정부과제 지원 및 집행 관리 경험자 우대","최고의 성과를 위한 최고의 업무 환경을 제공합니다

• 최고사양 랩탑, 모니터 등 고사양 장비 기본 지급
• 키보드, 마우스 등 업무용 주변 기기 구매 지원
• 자기개발을 위한 국내외 컨퍼런스 참여 및 도서 구매 가능
• 경조사 지원 및 명절 선물 지급
• 점심 제공 (야근 시 석식 제공)
• 음료 및 과자 상시 비치","서류 전형 – 1차 면접 - 임원 면접  - CEO 면접 - 처우 협의 - 최종 합격

B GARAGE는 한 사람 한 사람의 다양성을 존중하며, 한국오피스를 기반으로 미국 오피스 멤버들과 글로벌 테크회사의 문화를 만들어가고 있습니다. 또한, B GARAGE는 채용전형에서 나이, 국적, 성별, 출신 등 업무역량과 관계없는 요소로 차별하지 않으며, 지원자 모두에게 공정한 기회를 제공합니다.","식대지원, 커피·스낵바, 자기계발지원, 50명이하, 설립4~9년, AI 선도 기업, 연봉상위6~10%, 인원 급성장, 누적투자100억이상",2024.10.31,,경기 성남시,브룩허스트거라지(B GARAGE)
"Treasury Specialist (자금,Treasury 담당)","[OpsNow를 소개합니다]
OpsNow는 2023년 7월, 베스핀글로벌에서 분사한 전문 소프트웨어 회사로서 Autonomous CMP 세계 시장을 선도하기 위해 설립되었습니다.
고객이 모든 클라우드 관련 업무를 하나의 플랫폼에서 효율적으로 관리할 수 있도록 클라우드 운영, 장애 인스턴스 관리, 시큐리티, AIOps 등 다양한 클라우드 개발 분야에서 활약하고 있습니다.","[이런 업무를 수행하고 경험하실 수 있습니다]
•현금 흐름 관리:
일일, 주간 및 월간 현금 흐름 예측 및 보고
현금 잔액 및 자금 조달 요구 사항 모니터링

•투자 및 자금 조달 전략:
단기 및 장기 자금 조달 전략 수립 및 실행
투자 포트폴리오 관리 및 성과 분석

•위험 관리:
외환, 금리 및 유동성 리스크 평가 및 관리
헤지 전략 수립 및 실행

•재무 보고 및 분석:
재무 제표 분석 및 Treasury 관련 KPI 작성
예산 수립 및 실행에 대한 지원

•금융 기관 관리:
은행 및 금융 기관과의 관계 구축 및 유지
대출 및 기타 금융 서비스 협상

•정책 및 절차 개발:
Treasury 관련 정책 및 절차 수립 및 갱신
내부 통제 체계 강화 및 준수 관리","[이런 경험,역량,능력을 갖추신 분을 찾고 있습니다]
• 재무/회계 또는 경영학 관련 학사 학위 소지자 우대
• 자금팀 및 현금흐름표 작성 경험 필수
• 금융 모델링 및 데이터 분석 능력 보유자 우대
• 탁월한 커뮤니케이션 및 프레젠테이션 기술
• ERP 경험 필수(SAP / 더존)","[이런 경험,역량,능력이 있으시다면 더욱 좋습니다]
• 석사 학위 또는 관련 분야에서의 추가 교육/자격증
• 국제적 환경에서의 경험 또는 국제적 재무 관리 경험
• 대기업 또는 글로벌 기업에서의 근무 경력
• 엑셀 및 기타 BI 툴 경험 및 기술","[구성원의 업무 몰입을 위해 고민합니다]

1. 휴무/휴가
• 다양한 경조 휴가지원
• 반차/반반차 지원
• 리프레시 (근속) 휴가 지급

2. 복리후생/보상/수당
• 다양한 경조금 지원
• 정기 상여금
• 임직원 교육비, 도서 구입비, 자격증 취득, 임직원 학자금 지원
• 복지포인트몰 운영, 웰컴키트 지급
• 건강검진 (본인, 가족할인) 지원

3. 근태제도/사내문화
• 시차출퇴근제 및 재택 혼합 근무제도 시행
• 수평적 문화 지향","[아래와 같이 채용을 진행합니다]
• 채용 과정: 서류 전형 ＞ 1차 인터뷰 전형(화상 또는 대면) ＞ 2차 인터뷰 전형(대면) ＞ 처우 협의 ＞ 최종 합격
• 제출 서류: 경력 중심 이력서, 포트폴리오 (선택), 자기소개서 (선택)
• 채용 절차는 상황에 따라 변경될 수 있습니다

[지원 유의 사항]
• 전형 진행 중 또는 입사 예정 단계에서 허위 사실이 발견되는 경우 진행이 취소될 수 있습니다
• 취업보호대상자는 관련 법규에 의거하여 우대합니다",MS 오피스,,,경기 성남시,옵스나우
Loan Operations Manager,"[합류하게 될 팀에 대해 알려드려요]

• Loan Operation Team은 인터넷전문은행의 특성을 반영한 비대면 여신상품(신용/전세/담보/보증서 등)과 관련된 오퍼레이팅 업무를 담당하고 있어요.
• 고객 관점에서 은행 서비스의 개선 사항을 발굴하고 프로세스 개선 역할을 병행해요.
• IT 개발자와 협업을 통해 오퍼레이션 자동화하고, 업무의 디지털 트랜스포메이션을 이끌어가요.
• 도급사 업무 위탁 범위를 산정하고, 효율적인 리소스 관리를 위한 교육&모니터링 등의 업무를 지원해요.","• 신용/전세/담보/보증서 등 토스뱅크의 여신상품을 운영/지원하며, 서류 접수부터 실행까지 전 과정을 담당하고 있어요.
• 대출 프로세스 및 보증서류 검증 자동화 등 가장 효율적인 오퍼레이팅 수행을 위한 인프라를 기획하고 구축해요.
• 사업계획 및 센터 운영 현황에 따라 필요한 센터 운영 리소스를 설계하고, 그에 따른 도급사 업무위탁 프로세스를 구축해 관리해요.
• 도급사와 긴밀한 커뮤니케이션을 하며 내/외부 고객의 Pain-Point를 빠르게 개선해나가요.","• 금융권에서 대규모 물량의 여신 운영 또는 심사 업무를 3년 이상 전문적으로 수행해보신 경험이 필요해요.
• 전월세보증금대출, 주택담보대출 등 여신상품별 규정과 업무 프로세스에 대한 높은 이해도를 갖춘 분이 필요해요.
• 새로운 정책을 수립하거나, 기존의 업무 프로세스를 개선했던 경험이 있는 분이면 더 좋아요.
• 원활한 커뮤니케이션 능력을 바탕으로 고객 응대 및 상담 경험이 풍부한 분이면 좋겠어요.","[이력서는 이렇게 작성하시는 걸 추천해요]

• 토스뱅크에 지원한 동기와 이루고 싶은 목표를 구체적으로 작성해 주시면 좋아요.
• 여신심사/운영 업무 중 어려움을 직면했던 사례와 문제를 해결해나갔던 과정에 대해 구체적으로 소개해주시면 좋겠어요.
• 관행적인 업무처리 방식 또는 프로세스를 혁신하거나, IT자동화한 경험이 있다면 기재해주세요.","[이렇게 일해요]
• 자율과 책임의 문화: 토스는 Manager가 아닌 Maker들로 구성된 조직으로, 투명한 정보 공유와 수평적인 문화 속에서 구성원 업무에 대한 위임과 신뢰를 바탕으로 세상을 변화 시켜 나가고자 합니다.
• 효율적인 업무방식: 가장 중요하고, 큰 영향을 미칠 수 있는 일에 집중합니다. 획일적인 업무 프로세스보다는 데이터 기반의 사고로 적극적으로 토론하며, 가장 효율적인 문제 해결을 위해 협업하고 실행합니다.
• 훌륭한 팀과 동료: 각 분야 최고 수준의 역량을 갖춘 인재들이 자율과 책임의 원칙 아래 뛰어난 역량을 발휘하고 있습니다.

[이런 지원을 받아요]
1. 자율과 효율의 근무 환경을 제공합니다.
• 자율 출퇴근 제도
• 자율 휴가 / 재택근무
• Early Friday & OFF Week

2. 업무와 성장에 몰두할 수 있게끔 지원합니다.
• 비포괄임금제 운영
• 업무 관련 비용 100% 지원
• 최고급 장비 및 소프트웨어 제공
• 반기별 성과급 지급
• 매월 통신비 및 체력단련비 지원
• 명절 상여금 및 생일축하비
• 직장단체보험비(가족 포함) 및 경조사비
• 인재추천비 500만원

3. 먹고 마시는 것까지 회사가 책임집니다.
• 법인카드 전원 지급 (점심/저녁 식사비용, 야간교통비 등 100% 지원)
• 사내카페 커피 Silo 무료 이용
• 사내 편의점, 헤어살롱 등 복지시설 무료 이용",서류접수 ＞ 직무 인터뷰 ＞ 문화적합성 인터뷰 ＞ 레퍼런스 체크 ＞ 처우협의 ＞ 최종합격 및 입사,"단체보험, 보너스, 커피·스낵바, 편의시설, 대출지원, 유급휴가, 연봉상위11~20%, 301~1,000명, 설립4~9년, AI 선도 기업, 금융업계, 인원 급성장, 누적투자100억이상, 통신비, 재택근무",상시채용,"신속 간결한 스타일, 과정 중심 질문, 친절/따뜻한 스타일, 자유롭고 편한 환경",서울 강남구,토스뱅크
[레모네이드] 회계 담당자,"당사는 재무 관리 전반을 담당할 경험 있는 관리회계 및 운영 담당자를 채용합니다.
이 역할은 P&L 관리 및 예측, 관리회계, 비용 통제, 전사적인 재무 관리를 포함하며, 운영 및 행정 업무까지 수행합니다. 외부 업체와 협력하여 관리회계 대시보드 구축을 지원하며, 회사의 재무 성과 극대화를 목표로 합니다.

--
""Life-Changing Education""

데이원컴퍼니는 패스트캠퍼스로 먼저 알려진 성인 교육 콘텐츠 전문 기업으로, 2021년 데이원컴퍼니로 사명을 변경한 후 현재 각 전문 분야의 비즈니스를 집중적으로 영위하는 4개의 CIC(Company in Company) 형태로 운영하고 있습니다.

이중 ＜레모네이드＞는 데이원컴퍼니 초기부터 외국어 교육 영역에 집중해 온 조직으로, 획일적인 주입식 콘텐츠가 아닌
• 가벼운학습지(","1. P&L 관리 및 예측
• 월별, 분기별 손익(P&L) 분석 및 보고
• 매출, 비용, 영업이익 등의 예측 및 분석
• 전사적인 손익 데이터 통합 관리 및 추적

2. 관리회계 및 대시보드 관리
• 외주업체와 협력하여 관리회계 대시보드 구축 및 운영
• 관리회계 데이터 분석 및 차트화, 예산 통제 및 변동성 분석
• 관리회계 리포트를 통해 전사적인 재무 성과 평가

3. 비용 통제 및 최적화
• 사업부별 비용 집행 내역 분석 및 비용 최적화 전략 수립
• 법인카드, 개인 경비, 택시비 등 각종 비용 관리
• 전사적 비용 구조 분석 및 개선 방안 제시

4. 회계 및 세무 관리
• 분기별, 연간 재무 보고서 작성 및 제출
• 세금 신고 및 규제 준수 관리
• 대만 및 해외 법인 관련 회계 및 세무 지원

5. 운영 및 행정 관리
• 전사적인 재무 운영 관리, 각 부서와의 협업
• 행정 업무와 경비 처리 시스템 개선
• 인사 및 운영 팀과 협력하여 효율적인 경비 운영 관리

6. 외부 협력 관리
• 관리회계 대시보드 구축을 위한 외주업체와 협력
• 대시보드 구현을 위한 주요 데이터 제공 및 서포트
• 외부 회계 감사 및 컨설팅 업체와의 협력","• 회계, 경영, 경제 관련 학사 학위 이상
• P&L 관리, 비용 통제, 관리회계 실무 경력 5년 이상
• ERP 및 회계 시스템 활용 경험
• 관리회계 및 예산 관리 능력 필수
• 상장 준비 또는 상장 기업에서의 재무 관리 경험 우대","•외주업체와 협력한 관리회계 시스템 구축 경험
•영어 및 중국어 능력 우대
•교육 업종 또는 글로벌 기업 재무 경험 우대","[근무조건]
• 근무형태 : 정규직 (수습 3개월 / 급여 100%)
• 급여조건 : 협의
• 근무지 : 서울 강남구 테헤란로 231, 센터필드 WEST 6 ~ 7층
• 근무시간 : 08~10시 자율출근제

[회사복지]
•내/외부교육비지원(300-500만원 한도)
•주택 관련 대출 이자 지원 제도 (정규직 재직 1년 이상)
•시차출퇴근제 '8 to 10 ~ 17 to 19' (출근길에 뛰지 마세요!)
•연 1회 리프레시 워크샵
•종합건강검진 서비스 제공
•체력단련비 지원
•마인드케어(EAP)프로그램 운영
•개인 경비 및 경조사비 지원
•생일 조기 퇴근, 생일선물, 명절선물 지급
•안식휴가(3년 근속시 10일, 6년 근속시 20일 부여)
•자유로운 연차 사용
•무제한 스낵바/카페테리아 제공
•수평적 소통 문화 (인턴도 대표도 모두 다 ‘000님’으로 통일","[채용 과정]
• 서류 전형 ＞실무 및 컬쳐핏 면접＞  최종 합격
• 모든 첨부파일은 2~3개 내외의 PDF 또는 링크로 업로드 부탁드립니다. (각 파일당 50MB 이내)
• 링크가 포함된 경우, 해당 링크의 외부 접속 권한을 확인해주시기 바랍니다.

※데이원컴퍼니 내 CIC 별 중복 지원은 불가 하므로, 기 진행한 전형 결과를 모두 안내 받으신 이후 타 CIC 지원이 가능한 점, 참고 부탁 드립니다. (데이원컴퍼니 내 CIC: 패스트캠퍼스, 콜로소, 레모네이드, 스노우볼)","건강검진지원, 편의시설, 자기계발지원, 커피·스낵바, 사내동호회, 자유로운휴가, 유망산업, 연봉상위11~20%, 301~1,000명, 설립4~9년, 인원 급성장, 워크샵, 누적투자100억이상, 유연근무",상시채용,"신속 간결한 스타일, 과정 중심 질문, 답변을 유도해 준 편, 캐주얼/편한 분위기",서울 강남구,데이원컴퍼니
재무 담당자(글로벌 해외 법인),"■ 끊임없는 혁신, Market Creator

에코마케팅은 늘 최초입니다.

기존의 관습과 문법을 따르지 않고, 혁신을 통해 새로운 시장을 직접 만들어가기 때문입니다.

• 대한민국 최초의 퍼포먼스 마케팅 회사
• 최초로 코스닥 상장한 디지털 마케팅 에이전시
• 최초로 고객사를 직접 만드는 회사


에코마케팅의 고객사들은 적게는 3년, 길게는 10년까지도 함께합니다.
업계 TOP tier 고객사들이 가장 신뢰하는 마케팅 파트너사로서 오직 실력과 결과만으로 수많은 장기 고객사들과 성공 신화를 함께 만들어내고 있습니다.


에코마케팅은 고객사를 영업하지 않습니다. 직접 만들어냅니다.
잠재력 있는 기업을 발굴하고, 투자하고, 마케팅 4P 전반을 책임지는 신사업(*비즈니스 부스팅)을 전개했습니다.
월매출이 1~2억 수준이었던 브랜드들이 10배 이상 성장하였고, 에코마케팅도 함께 성장했습니다.


그 결과, 광고 업계가 가장 어려웠던 2023년에 에코마케팅은 오히려 성장할 수 있었습니다.
에코마케팅은 대한민국 10대 광고 회사 중 6위를 기록하며 (작년 대비 2순위 상승)
대기업 계열사가 아닌 회사 중 온/오프라인 종합 기준 1위에 등극했습니다.
또한, 디지털 마케팅 컴퍼니 중에서는 압도적인 1위를 차지하였습니다.

우리는 지금 이 순간에도 새로운 혁신에 도전하고 있습니다.
Market Creator로서 새로운 시장을 함께 만들어가고 싶다면 또 다른 최초를 함께 만들어가고 싶다면, 지금 도전하세요!


■ 함께하게 될 팀은
에코마케팅 재무팀은 광고대행업, 미디어커머스업, 의류업, 북미/아시아/유럽 지역의 현지 업무 등 글로벌로 다양한 산업군의 업무를 경험 하실 수 있으며 새로운 관점에서 자동화/효율화하기 위한 팀 분위기를 형성하고 있습니다.



또한, 결산/재무/TAX/자금/투자/운용 등 다양한 업무의 기회가 있어 탁월한 인재(에코PRO)로 성장 할 수 있는 기반을 다질 수 있습니다. 뛰어난 역량과 잠재력을 가진 인재들과 함께 배우고 성장할 수 있으며 에코마케팅 성장과 더불어 미래의 CFO가 될 수 있는 인재를 양성합니다.



■ 함께할 동료에게…

다양한 배경을 가진 동료들과 함께합니다.
""벤처캐피탈, 사모펀드 출신의 전문 투자자, 국내 최대 인터넷 플랫폼 회사의 투자개발실 출신 전문가, 국내 Big4 회계법인 출신의 회계사, 국내 최고 마케팅 회사의 재무/회계 전문가 등... 재무팀에는 현재 다양한 배경을 가진 동료들로 구성되어 있습니다. 전문성을 갖춘 동료들과 함께 변화에 대응하며 회사의 재무/회계를 책임지고 있습니다.""

- 재무팀 선임 Choi



회사의 성장과 함께 성장할 수 있어요.
""모든 팀원이 항상 일의 'why'와 그에 따른 결과를 생각하며 일하는 분위기가 자연스럽게 형성되어있습니다. 덕분에 맥락 소통이 자유롭고, 더 나은 방향을 끊임없이 고민하며 성장하고 있습니다. 의지만 있다면 회사를 긍정적으로 변화시킬 수 있는 가능성이 활짝 열려있는 곳입니다. ""

- 재무팀 사원 David



재무팀에서 사용하는 업무툴

1) MS 오피스

Excel, Word, Power Point
Power BI, Power Automate
2) 더존(스마트A)","재무 담당자(글로벌 해외 법인) 

■ 주요 업무

• 해외 법인 결산 및 회계 업무 전반
• 해외 법인 회계 감사 및 세무 관련 업무 지원
• 해외 법인 재무 리포트 작성 및 분석
• 국제 재무/세무 규제 및 법규 준수 모니터링","• 국내외 4년제 대학 졸업자
• 해외법인 결산관리 경력 보유자
• 경영학, 경제학, 회계학 등 상경계열 관련 전공자
• 영어 능통자(구술 및 서술)
• 글로벌 회계 및 재무 관련 지식 보유자
• MS Office 활용 능력 우수자","• CPA, CFA, ACCA 등 회계/재무 관련 자격증 소지자 혹은 관련 
• 다국적 기업 또는 해외 법인 근무 경험자
• 국제 회계 기준(IFRS) 및 세법에 대한 이해도 높은 자
• 일본어 능통자(구술 및 서술)","에코마케팅에서는 신입사원 교육, 자기개발비 지원(선임 이상), 도서 지원, 임직원 멤버십, 간식 무제한, 휴게실 구비, 자유복장, 연차, 퇴직연금, 4대보험 등의 복리후생을 제공하고 있습니다.

또한, 모든 임직원 분들의 성장에 로켓을 달아 드리는 문화 및 제도를 운영하고 있습니다.

# 아우토반 원칙
- 연령, 성별, 연차 무관 성과와 능력 기반의 기회와 보상을 제공합니다.

# 온보딩 프로그램
- 국내 최고 전문가들의 노하우가 담긴 직무 교육, 월별 피드백·원온원 등을 통해 소프트랜딩과 압축 성장을 지원합니다.

# 스텝업 제도
- 더 높은 목표에 도전하며 다양한 경험을 통해 고속 성장할 수 있는 기회를 제공합니다.

# 스텝업 BREAK
- 휴식은 또다른 혁신의 기회로, 장기휴가 시 최대 200만원을 지원해드립니다.","• 서류 전형  ＞ 면접 전형 ＞  최종 합격
• 면접 전형 진행 시, 실기 테스트(30분)가 별도 진행 됩니다.
• 지원 서류 : 이력서(필수)","장비지원, 301~1,000명, 자기계발지원, 편의시설, 커피·스낵바, AI 선도 기업, 인원 급성장, 설립10년이상",2024.10.22,"신속 간결한 스타일, 간결 명확한 피드백, 천천히 기다려준 편, 자유롭고 편한 환경",서울 송파구,에코마케팅
재무/회계 담당자,"[MarTech를 이끄는 빅데이터 마케팅 플랫폼, 휴머스온]
휴머스온은 AI 기반의 빅데이터 디지털 마케팅 플랫폼입니다.
빅데이터 마케팅 플랫폼 서비스 'TasOn'과 통합메세징 솔루션인 'TMS'을 보유하고 있으며, 유수 글로벌 기업에게 서비스를 제공하고 있습니다.
주요 고객사로는 삼성전자, 대한항공, 스타벅스, 배달의민족, 롯데이커머스, BMW, 현대자동차, 국세청 등등 국내 대부분의 기업에서 휴머스온의 서비스를 이용하고 있습니다.","• 법인세/부가가치세/원천세(급여 및 4대 보험) 업무
• 자금 결산 및 현황 보고서 작성
• 외부 감사 수검
• 여신 및 자회사 자금 조달 검토","• 해당 경력이 3년 이상이신 분
• 자금 / 결산 및 세무 업무 경험을 하신 분","[우대 사항]
• 경영/회계 관련 전공자
• 4년제 학사 학위자 

[제출 서류]
• 제출 파일 (필수) : PDF 파일
• 경력 중심의 국문 이력서 , 자기소개서 (필수), 포트폴리오 (선택)
• 필수 기재 사항 
 • 인적사항 : 국/영문 성함, 생년월일, E-mail, 휴대전화 번호
 • 학력사항 : 학교명, 전공, 졸업 구분 등
 • 경력사항 : 전체 경력의 입사일 및 퇴사일, 근무 형태, 간략한 이직 사유   

[채용 절차]
• 서류심사 ＞ 전화 인터뷰(Optional) ＞ 면접 전형(2차 면접 Optional) ＞인적성 검사 ＞ 처우 협의 ＞ 최종 합격
• 채용팀과의 전화 인터뷰가 진행될 수 있습니다. 
• 직무 연차 및 경력에 따라 레퍼런스 체크가 진행될 수 있습니다.
• 경우에 따라 2차 면접은 생략될 수 있습니다.

[참고 사항]
• 회사 위치 : 2호선 선릉역 3번출구 도보 1분 , 세방빌딩
• 면접 형태 선택 가능합니다.
• 상황에 맞는 온라인 화상면접, 대면면접 등


[지원 시 유의 사항]
• 정규직 3개월 수습기간을 적용합니다.
• 지원서류에 허위사실이 발견될 경우, 채용확정 이후라도 채용이 취소될 수 있습니다.
• 취업보호대상자는 관련 법규에 의거하여 우대합니다.","[근무 환경은 이래요]
• 선릉역 3번 출구 도보 1분 역세권
• 신규입사자 입사축하선물 / 웰컴키트 지급/ 멘토링제도
• 카페테리아 운영 중(조식 제공)
• 간식 무한 제공(커피, 음료, 컵라면, 햇반 등)
• 야근 식대, 택시비 지원
• 인재추천 포상금 지원
• 유료SW 적극 지원

[자기 계발을 지원해요]
• 사내 정기 세미나(신기술, New 트렌드 등)
• 외부 유료교육 및 세미나 지원
• 도서 구매 지원

[잘 쉬는 것도 중요해요]
• 명절연휴직전, 징검다리휴일, 연말 전사휴무
• 장기근속자 휴가(&포상금) 지급
• 자유로운 연차(반차) 사용

[개인의 생활을 지원해요]
• 콘도 이용 가능(소노호텔 & 리조트)
• 명절 선물 2가지 지급(① 귀성여비 ② 선물세트)
• 생일 선물 지급
• 결혼기념일 조기퇴근
• 경조사 지원(휴가, 경조금, 경조화환)
• 각종 문화 활동 진행(음악회, 무비데이 등)

[합류여정 안내]
• 1차/2차 면접을 진행하며 2차 면접은 경우에 따라 생략될 수 있습니다.
• 지원서류에 허위사실이 발견될 경우, 채용확정 이후라도 채용이 취소될 수 있습니다.
• 채용 이후 3개월 수습기간을 적용합니다.","[제출 서류]
-제출 파일 (필수) : PDF 파일
-경력 중심의 국문 이력서 , 자기소개서 (필수), 포트폴리오 (선택)
-필수 기재 사항 
 • 인적사항 : 국/영문 성함, 생년월일, E-mail, 휴대전화 번호
 • 학력사항 : 학교명, 전공, 졸업 구분 등
 • 경력사항 : 전체 경력의 입사일 및 퇴사일, 근무 형태, 간략한 이직 사유   

[채용 절차]
-서류심사 ＞ 전화 인터뷰(Optional) ＞ 면접 전형(2차 면접 Optional) ＞인적성 검사 ＞ 처우 협의＞ 최종 합격
-채용팀과의 전화 인터뷰가 진행될 수 있습니다. 
-직무 연차 및 경력에 따라 레퍼런스 체크가 진행될 수 있습니다.
-경우에 따라 2차 면접은 생략될 수 있습니다.

[참고 사항]
-회사 위치 : 2호선 선릉역 3번출구 도보 1분 , 세방빌딩
-면접 형태 선택 가능합니다. (온라인 화상면접 / 대면면접)

[지원 시 유의 사항]
-정규직 3개월 수습기간을 적용합니다.
-지원서류에 허위사실이 발견될 경우, 채용확정 이후라도 채용이 취소될 수 있습니다.
-취업보호대상자는 관련 법규에 의거하여 우대합니다.","유망산업, 보너스, 식대지원, 편의시설, 커피·스낵바, 대출지원, 50명이하, 설립3년이하, AI 선도 기업, 유연근무",상시채용,,서울 강남구,휴머스온
[아정당] 재무팀,"아정당은 '대국민 소확행 - 국민들의 삶에서 작지만 확실하게 챙겨줄 수 있는 행복들을 찾아준다.' 라는 미션 아래, 인터넷/렌탈/휴대폰 등의 영역에서 최대한의 지원금들을 찾아 돌려주면서 국민과 함께 성장해 왔습니다. 법인 설립 첫해 매출 21억을 시작으로, 매년 3배씩 성장하여 2023년 513억원을 매출을 달성했습니다.

아정당은 이사, 인테리어, 보험, 금융까지 대국민 소확행을 이루어줄 수 있는 모든 영역에서 제 1당이 되어, 압도적인 힘으로 최대한의 행복을 국민에게 돌려주고자 합니다.

투자없이 매출로만 성장하는 압도적인 로켓에 지금 함께해 주세요!","■ 담당하시게 될 일을 소개합니다.
• 매출/매입 정산
• 전표 입력 및 월 결산 진행
• 법인카드 발급/지출관리
• 자금 출납 및 자금계획 작성
• 기타 재무업무 보조","■ 이런 분과 함께 일하고 싶습니다.
• 학력 : 초대졸 이상
• 경력 : 1년~7년","■ 이런 경험이 없으셔도 전혀 상관없습니다. 있으시면 너무 좋을 것 같습니다.
• OA(Word, Excel, PPT) 활용 능력이 우수하신 분
• 관련 자격증을 소지하신 분
• 꼼꼼하고 차분하신 분","[Culture 조직 문화]
• 존중하는 수평문화! 직급없이 영어이름 사용
• 업무 효율은 최대로! 월 단위 유연근무제
• 완전 자율 복장으로 출근합니다! 모자도 OK
• 내 연차는 내가 승인 ! 자유로운 연차 사용
• 아정당은 끊임없이 성장하고, 팀의 성장은 개인의 성장을 통해! 
• 화이트 노이즈로 집중력과 커뮤니케이션 향상

[Growth 개인의 성장 지원]
• 사내외 교육, 세미나 비용 지원
• 도서 및 디지털콘텐츠 구입비 전액 지원
• 외국어 교육 지원
• 허먼 밀러 의자 + 모션데스크 등 최고급 장비 지원 
• 명절 선물과 상여금 지원
• 창의성을 높이기 위한 워케이션 제도! 숙소 비용 일부 지원!

[Health 잘 먹고 건강하게]
• 복지카드로 점심 식대를 지원! 
• 하루 2잔 프랜차이즈 커피를 제공
• 만 3개월 이상 근무시 건강검진을 지원
• 원하는 간식으로 무제한 스낵바","[근무조건] 정규직(수습 3개월) / 주 40H 유연근무제
[채용절차] 서류전형 ＞ 면접전형 ＞ 최종합격","사내동호회, 보너스, 커피·스낵바, 식대지원, 건강검진지원, 복지포인트, 자기계발지원, 51~300명, 수평적조직, 설립3년이하, AI 선도 기업, 인원 급성장, 유연근무",상시채용,"빠른 속도감, 간결 명확한 피드백, 친절/따뜻한 스타일, 캐주얼/편한 분위기",서울 강남구,아정네트웍스
FP&A Analyst,"[리디를 소개합니다.]

국내 전자책 점유율 1위를 넘어 글로벌 콘텐츠 산업의 강자로 급부상하고 있는 유니콘 스타트업 리디와 함께 할 당신을 기다립니다. 리디는 2009년 전자책 서비스 '리디북스'를 시작으로, 10년 이상 지속적으로 성장하며 국내외의 고객들에게 전자책, 웹툰, 웹소설 등 다양한 온라인 콘텐츠 서비스를 제공하고 있습니다.

2020년부터는 글로벌 웹툰 구독 서비스 ‘만타(Manta)’를 성공적으로 런칭하여 현재 1,000만 다운로드를 달성하는 등 북미를 시작으로 아시아, 유럽까지 글로벌서비스를 확장하고 있습니다.
컨텐츠 산업에서 리디와 함께 성장할 인재라면 지금 도전하시기 바랍니다.

리디의 글로벌 웹툰 구독 서비스 ‘만타(Manta)’는 출시 후 빠르게 성장 중인 서비스입니다.","• 주요 사업 지표 설정, 수시 모니터링 및 이슈 영역 세부 내용 파악
• 전략적 의사 결정 및 개선 방안 도출 지원을 위한 정량적/정성적 분석 및 리서치
• 연간 사업 계획 준비 및 정기 계획-실적 비교 분석
• 중요한 사업적 개선안 추진 및 문제 해결을 위한 실무 부서와의 커뮤니케이션 및 협업","• 학사(4년제) 학위 이상을 보유하신 분
• 컨설팅, IB 혹은 국내외 기업의 경영기획/전략 업무 경력(2년 내외)을 보유하신 분
• 정량적 분석 업무에 익숙하고, 꼼꼼한 데이터 관리 및 엑셀 활용 능력이 뛰어나신 분
• 논리적으로 사고하고 커뮤니케이션 할 수 있는 능력을 갖추신 분
• 적극적이고 주도적인 자세로 업무에 임하시는 분
• 국내외 콘텐츠/IT 산업에 대한 관심도가 높으신 분","• 회계, 재무, FP&A 유관 경력을 보유하신 분
• 재무 모델 등을 스스로 설계하여 정량적으로 분석해 본 경험을 보유하신 분
• 국내외 콘텐츠/IT 산업에 대한 이해도가 높거나 관련 업계 경력을 보유하신 분
• 영어로 비즈니스 의사소통이 가능하신 분","언론에 소개된 리디
•리디, GIC등 1200억원 투자 유치 및 기업가치 1.6조 '유니콘' 기업 등극
https://n.news.naver.com/article/277/0005051077
•웹툰 기업으로 변신한 리디, 女心 공략하며 무섭게 성장
https://n.news.naver.com/mnews/article/366/0000826817?sid=101
•구글 엔지니어 출신 CTO 영입
https://www.venturesquare.net/853258

[리디 LIFE: 혜택 및 복지] 

■ WORK
리더스(Ridus)가 업무에만 몰입할 수 있도록 쾌적한 업무 환경을 제공합니다
• “건강의 첫째 조건, 잘 먹기!” 점심식대 1만원 지원 (야근 시 저녁식대 1.5만원 지원)
• 선릉역 1분 거리에 뛰어난 접근성을 가진 사무실 제공
• 야근 시 택시비 전액 지원

■ LIFE
업무외의 삶 역시 리디에서 지원합니다.
• 최대 1억 원 한도 주택자금 대출이자 지원
• 경조사 지원 및 명절 상품권 지급
• 휴식이 필요할 때 제휴 호텔&리조트 할인
• 근속 3년마다 리프레쉬 휴가(2주) 및 5성급 호텔 숙박권 제공
• [쏘카x리디] 카셰어링 혜택 제공

■ GROWTH
개인의 성장을 이룰 수 있도록 리디가 함께합니다. 
• 체력단련비 최대 월 20만원 지원
• 자기개발비 일부 지원
• 리디 서비스 지원 - 리디셀렉트 무료, 리디캐시 충전액&만타 구독료 30% 지원
• 직무 관련 도서 구매비 무제한 지원
• 엔지니어 대상 AWS 학습비용 지원 (최대 20만원)

■ HEALTH
건강한 몸과 마음을 바탕으로 일할 수 있는 문화를 지향합니다
• 제철 과일, 우유, 두유, 시리얼 등 간식 제공
• 영양제, 견과류, 건강음료 제공
• 임직원 및 배우자 연1회 건강검진 지원 (부모 및 배우자의 부모 격년 1회 지원)
• 사고나 질병에 대비한 단체상해보험 제공
• 편안한 휴식을 취할 수 있도록 안마의자 구비
• 독감 예방 주사, 스케일링 연1회, 멘탈케어 전액 지원

===================

[추가 정보]

• 제출서류 
필수 서류: 이력서
선택 서류: 포트폴리오 등
• HWP, Word 파일은 업로드가 원활하지 않으므로 이력서 등 첨부서류는 PDF파일로  업로드하는 것을 권장합니다.


• 이력서 내 기재사항 
   필수기재 사항
   - 인적사항 : 국/영문 성함, 생년월일, E-mail, 휴대전화 번호
   - 학력사항 : 학교명, 전공, 졸업구분 등
   - 경력사항 : 전체 경력의 입사일 및 퇴사일, 근무 형태, 간략한 이직 사유  
   - 외국어 능력 및 해외 경험
   - 해외 국적자: 보유 중인 취업 비자 유형 및 종료일
      (비자가 없는 경우에도 ‘없음’으로 기재 부탁드립니다)
    - 예시 : E7, D10, F4, F2 등
   선택 기재 사항
   - 경력 및 재학기간 중 공백기에 대한 설명

• 공통 지원 자격
   - 해외출장에 결격사유가 없으신 분
   - 남성의 경우 병역필 또는 면제자이신 분

• 기타
   - 장애인, 국가유공자 등은 관련법에 따라 채용시 우대합니다.

• 전형 절차: 서류전형 ＞ 면접전형 ＞ 건강검진 ＞ 입사
※ 면접 절차는 2~4차로 진행되며, 포지션 별로 상세 안내 드리겠습니다.
※ 서류 합격자에 한하여 리디 인성 검사가 시행되며, 별도 안내 드릴 예정입니다.
※ 채용 프로세스는 통상 4~6주 소요됩니다. 본 일정은 후보자와 소통을 통해 조정할 수 있으며, 심사가 지연되거나 일정의 변경이 있을 경우 별도 안내 드립니다.
※ 경우에 따라 추가 절차가 포함될 수 있습니다.

• 수습 기간 안내
모든 신규입사자는 3개월간의 수습 기간이 있으며 수습 평가 결과에 따라 고용에 적합하지 않다고 판단될 경우, 수습 기간이 연장되거나 채용 취소가 될 수 있습니다.

• 채용서류 반환 절차 안내
채용절차의 공정화에 관한 법률(채용절차법) 제 11조에 따라, 리디의 채용서류 반환절차에 대해 안내 드립니다.

채용절차법 제 11조 제 1항에 따라 리디 주식회사 채용에 응시한 구직자 중 최종합격이 되지 못한 지원자 분들은 채용 서류의 반환을 청구할 수 있습니다.
다만, 채용절차법 제 11조 제 1항 단서조항에 따라 홈페이지 또는 전자우편으로 채용서류가 제출된 경우나 당사 요구 없이 자발적으로 제출한 경우에는 그러지 아니하며, 천재지변이나 그 밖에 당사에 책임없는 사유로 채용서류가 멸실된 경우 반환 의무를 이행한 것으로 봅니다.

채용서류 반환 청구를 원하는 구직자께서는 아래 채용서류 반환청구서 양식을 작성하여 당사 채용담당자 이메일로 제출해 주시면, 채용절차법 시행령 제 2조 제 1항에 따라 반환청구서 제출이 확인된 날로부터 14일 이내에 주소지로 등기 우편을 통해 발송해드립니다. 소요되는 비용은 청구인이 부담하실 수 있음을 안내드립니다.

당사는 달리 파기 또는 반환청구가 없는 한 채용여부가 확정된 날부터 5년까지만 채용서류를 보관하며, 이 후에는 개인정보보호법에 따라 지체 없이 채용서류를 파기합니다.htz,",,"자기계발지원, 식대지원, 커피·스낵바, 건강검진지원, 편의시설, 대출지원, 보너스, 연봉상위11~20%, 301~1,000명, 설립10년이상, 누적투자100억이상",2024.11.30,"신속 간결한 스타일, 과정 중심 질문, 친절/따뜻한 스타일, 캐주얼/편한 분위기",서울 강남구,리디(RIDI)
Finance Manager (회계 매니저),"＜하이퍼리즘 소개＞
하이퍼리즘은 세계 최고 수준의 엔지니어들로 구성된 아시아 최고의 암호화폐 금융 서비스를 제공하는 기업입니다.

• 최고의 팀: 국내외 유수 대학과 기업 출신의 엔지니어, 트레이더, 리서처, VC 심사역, 법무/재무/회계 전문가 등 각 분야 전문가로 구성되어 매우 높은 인재 밀도
• 최고의 기술: 고도화된 트레이딩 시스템과 금융 모델을 직접 설계하고 개발
• 최고의 투자자: 삼성, 카카오, 네이버, 해시드, GS그룹, VIP자산운용, Coinbase 등으로부터 누적 200억 원 이상의 투자 유치
• 핵심 서비스: 기관투자자들을 대상으로 하는 암호화폐 금융 서비스 제공
• 글로벌 사업: 한국 외 미국, 일본, 홍콩, 싱가포르 등의 주요 기관 투자자들의 자금을 6년 이상 안정적으로 운용
• 탄탄한 입지: 가상자산사업자(VASP) 등록, 6년 이상의 견고한 트랙 레코드, 국내 및 일본의 강력한 기관 네트워크

＜재무팀 소개＞
• 재무팀은 회사가 올바른 의사 결정을 할 수 있도록 재무 보고서와 재무제표를 작성하고, 회계 감사를 대응합니다.
• 급여 관리 및 원천세, 법인세, 부가가치세 등의 세무 신고 및 세무 이슈에 대응합니다.
• 추정 손익 작성 및 월별 손익/ 원가분석 등 재무분석을 통해 경영실적을 파악합니다.
• 내부회계관리제도를 운영합니다.
• 암호화폐 및 현금 입출금 등 자금 관리를 수행합니다.

＜재무팀 핵심 역량＞
• 세부사항 주의력: 작은 부분까지 신경 쓰고 실수를 줄이기 위해 꼼꼼하게 확인하는 능력
• 정확성 및 신뢰성: 높은 정확도로 업무를 수행하고, 일관되게 신뢰할 수 있는 결과를 제공하는 능력
• 문서화 및 기록 능력: 업무 과정을 체계적으로 문서화하고, 필요한 정보를 기록하여 참고할 수 있게 하는 능력
• 스트레스 관리 능력: 높은 압박 상황에서도 냉철하게 대처하며, 안정된 심리 상태를 유지하는 능력
• 신뢰성 및 정직성: 모든 업무에서 높은 윤리 기준을 유지하고, 정직하게 행동하며 신뢰할 수 있는 사람
• 자산에 대한 접근 및 이전 권한이 있어 필수적인 역량입니다.
• 대부분의 민감 정보에 접근 가능하므로 반드시 필요한 역량입니다.","＜회계 매니저의 주요업무＞
• 자체 회계 처리: 전표 입력을 통한 정확한 회계 기록 유지 (자체 기장)
• 세금 신고 및 납부: 부가세를 포함한 각종 세금 신고와 납부 업무의 철저한 관리
• 감사 및 조사 대응: 회계 감사와 세무 조사에 대한 준비와 대응
• 매출 및 비용 관리: 매출 추적과 비용 관리를 통한 재무 건전성 확보
• 자금 관리: 원화 입출금 등 자금 흐름의 효율적인 운영
• 팀 내 행정 업무: 팀 운영을 지원하는 다양한 행정 업무 수행
• 회계 결산 진행: 월/분기/연간 회계 결산 과정에서 회계 업무를 수행하고, 정확한 재무 보고서 작성에 기여
• 크립토 자산 현황 파악 및 경영전략 수립 지원: 암호화폐 자산의 현황을 체계적으로 파악하고, 이를 바탕으로 경영 전략 수립 및 실행에 필요한 정보를 제공
• 성과관리 및 손익 분석: 주요 성과 지표를 지속적으로 모니터링하고, 이를 바탕으로 경영 전략 수립에 기여, 손익 분석을 통해 재무적 성과를 평가하고 개선 방안을 도출
• 암호화폐 입출금 관리 및 실적 보고: 암호화폐 입출금 프로세스를 관리하고, 관련 실적을 정확하게 보고
• 주간 성과 관리 보고 업데이트: 주 단위로 성과 관리 리포트를 작성 및 업데이트하여 고객에게 제공
• 내부 회계 ERP 시스템 개발 지원: 내부 회계 시스템(ERP) 개발 및 개선 프로젝트를 지원하고, 필요시 회계적 관점에서 조언 제공

＜업무 상세 설명＞
• 하이퍼리즘은 외부에서 진행하던 기장 및 세무 업무를 내부에서 처리하는 회계 내제화 프로젝트를 진행 중이며, 이 과정을 함께 이끌어 나갈 회계 담당자를 찾고 있습니다.
• 회계 담당자의 업무에는 재무회계 영역과,관리회계 영역로 구성되어있습니다.
• 관리회계는 회사의 실적과 예산, 주요 수치를 관리하여 경영진의 의사결정을 지원하게 됩니다. 이와 더불어 가상자산 입출금 및 관리 업무도 담당하게 되며, 매출 실적 관리에서 중요한 역할을 합니다.
• 재무회계는 세금신고 및 자체기장을 진행하여, 재무 보고서와 재무제표를 작성하고, 회계 감사를 대응합니다.
• 회계 매니저는 한 영역만 담당하는 것이 아니라,  두 영역 모두를  회사 상황에 맞게, 동시에 또는 순차적으로 진행하여, 모든 업무를 숙달합니다.  

＜가상자산 업무에 대한 상세설명＞
• 가상자산 관리업무는 저희 회사 자산의 대부분에 대한 관리를 담당한다고 해도 과언이 아닐 정도로 매우 중요한 업무입니다. 하드웨어 및 소프트웨어 지갑 관리를 비롯하여, 탈중앙화 서비스 등을 통한 가상자산의 스테이킹 및 이와 관련된 제반 업무 등 다양한 업무를 진행하게 됩니다.
• 관리회계 기초지식과 데이터 분석을 조금이라도 하셨던 경험만 있다면 충분히 수행할 수 있으며, 처음에는 가상자산 관리 업무가 생소하게 느껴질 수 있지만, 체계적인 교육을 통해 익숙해질 수 있습니다.
• 또한, 글로벌 환경에서 다양한 파트너들과 협업하며, 가상자산 및 블록체인 관련 최신 트렌드를 직접 체험할 기회를 제공하여, 국제적 감각을 키우고 경력을 쌓을 수 있는 환경입니다.","＜자격요건 및 상세설명＞ 
• 3년 이상의 재무, 회계 관련 실무 경력 (더존 스마트A 또는 위하고)
• 긍정적인 마인드와 책임감 보유자
• 다양한 내·외부 이해관계자들과 소통할 수 있는 능력
• 도전 정신과 변화를 두려워하지 않는 태도","• 근무시간 : 09:00 ~ 18:00
• 야근 없고 자유로운 분위기의 사무실
• 넉넉한 점심 식대 제공
• 도쿄 본사 크로스 오피스 근무 지원 (반기 1회, 1달 이내, 체류비 지원)
• 서울대입구역 도보 7분 : 서울 관악구 관악로 116 학선빌딩 2층
• 회사 수익에 따라 매년 업계 최고 수준의 성과급을 지급
• 뛰어난 성장성과 높은 퍼포먼스를 보여주는 분께 스톡옵션 지급
• 자기계발비 연간 최대 100만원 지원","• 서류 심사 ＞ 1차 인터뷰 ＞ 2차 인터뷰 ＞ 3차 인터뷰 ＞ 오퍼
• 최종 오퍼 전 레퍼런스 체크가 진행될 수 있습니다.
• 지원자의 경력과 배경에 따라 일부 과정은 생략되거나 간소화될 수 있습니다.
• 주민번호, 현재 연봉 및 희망 연봉 등의 민감 개인정보는 삭제 또는 마스킹 후 제출해 주시기 바랍니다.",,"식대지원, 보너스, 유망산업, 연봉상위11~20%, 50명이하, 설립4~9년, 자기계발지원, AI 선도 기업, 스톡옵션, 누적투자100억이상",2024.11.30,"세심한 스타일, 결과 중심 질문, 천천히 기다려준 편, 집중하기 좋은 환경",서울 관악구,하이퍼리즘
재경팀 팀장,"생활 속 가치 창출의 선두를 달리는 기업, IRISBRIGHT
아이리스브라이트는 하아르, 씨퓨리, 베다이트 등의 브랜드를 설립해 고객 라이프스타일의 시작부터 끝까지, 고객의 곁에서 함께 달리고 있습니다.

* 주요 브랜드
• 하아르 (","• 재경팀 업무 프로세스 고도화
• 회계 및 기타 재무업무 전반
• 기간별(월/분기/년) 결산 업무
• 전사 회계전표 검토
• 고정 경비 및 변동 자금 지출 관리
• 세무신고 업무지원(원천, 부가세, 지방세 신고)","• 5년 이상의 경력 혹은 그에 준하는 역량을 갖추신 분
• 더존 사용 경험이 있으신 분
• 자체기장 검토 경험이 있으신 분
• 연결재무제표 관련 경험이 있으신 분
• 해외법인 결산 경험이 있으신 분","• 더존, 위하고 프로그램 사용 경험이 있으신 분
• 외부감사대응 경험이 있으신 분
• 세무조사 관련 경험이 있으신 분
• 이커머스 업종 재직 경험이 있으신 분
• 스타트업 재직 경험이 있으신 분
• 리더 혹은 팀의 시니어로 팀원 리딩 경험이 있으신 분","- 최고급 장비 지원
- 음료 및 간식 무제한
- 명절 선물 및 경조사 지원
- 복지포인트를 활용한 자사제품 구입
- 생일 반반차
- 야근 식대, 교통비 지원
- 웰컴키트 제공
- 자유로운 연차 사용
- 자유로운 복장","서류전형 - 1차면접 - 2차면접 - 처우 협의 - 최종합격
• 상황에 따라, 1차면접과 2차면접이 같은 날 진행될 수도 있습니다.","자유로운휴가, 커피·스낵바, 복지포인트, 식대지원, 51~300명, 설립4~9년, 인원 급성장",상시채용,"신속 간결한 스타일, 과정 중심 질문, 천천히 기다려준 편, 자유롭고 편한 환경",서울 강남구,아이리스브라이트
IR 담당자,"딥브레인AI는 현재 시리즈 B 투자 확정 이후 사세 확장으로 많은 인재를 두루 섭외하고 있습니다.
현재가치로 500억 투자 유치했으며, 벨류는 2000억원 이상입니다.
1조 이상의 시장으로 가기 위해서 글로벌 시장 개척에 대한 강한 의지가 있습니다.

딥브레인AI는 영상합성 및 음성합성의 딥러닝 기반기술을 보유중이며, 특히, 영상합성과 음성합성 기술을 모두 가진 곳은 당사가 유일합니다.

또한, 음성합성기술은 실제음성과 같이 자연스럽고, 영상합성에 성공(미국, 중국에 이어 세계 3번째로 상용화)한 국내유일의 회사 입니다.
이를 토대로, 인공지능기반 비즈니스 모델을 구축하여 신규사업에 진출 예정입니다.
향후 글로벌 상장을 목표로 오늘도 저희 딥브레인AI의 팀원들은 개발에 매진하고 있습니다.

아래는 회사 소개 링크입니다.

딥브레인AI는 대화형 인공지능 원천기술을 가진 스타트업입니다. (16년 창업)

관련기사","1.중장기 사업계획 및 IR계획
-비전, 전략, 중장기 사업계획 관리, 효과적 IR 계획과 실행
-valuation, 동종 업계 및 증시 동향 파악
2.발행/지분공시 및 정기/수시공시
-예비심사신청서, 증권신고서, 투자설명서 등 발행 및 지분공시
-사업보고서, 지분변동 등 정기 및 수시공시
3.IR, PR
-국내외투자자 및 애널리스트 대상 IR
-기업 탐방 및 NDR 진행
-IR Book 제작 및 대행사 관리
-보도자료 및 기획기사 작성 등 기자 등 관리
4.투자자 대응 및 회의체 운영, 주식관련사무
-투자자 보고 및 대응, 이사회, 주주총회 운영 실무 등
-주식변동관련 행정처리, 명의개서대행업체 관리 등","학력 : 대졸이상
경력 : 5년 이상
상장사 or IPO 경험 필수","뛰어난 커뮤니케이션 능력
안정적이고 차분하신 분","• 자기계발비 매월 5만원 제공
• 의료비지원 매월 5만원 제공
• 패밀리데이 지원금 매월 5만원 제곰
• 문화클럽 지원금 매월 3만원 제공
• 점심 식사 무료 제공
• 원두커피, 간식 무료 제공 (사내 스낵바)",1차 인터뷰 - 대표 인터뷰 - 처우협의 - 채용,"의료비지원, 자기계발지원, 유망산업, 커피·스낵바, 51~300명, 설립4~9년, 누적투자100억이상, AI 선도 기업, 연봉상위2~5%, 인원 급성장",상시채용,"신속 간결한 스타일, 과정 중심 질문, 천천히 기다려준 편, 자유롭고 편한 환경",서울 강남구,딥브레인에이아이
재무회계 총괄,"테크타카는 아마존과 쿠팡에서 다양한 개발 경험을 가진 양수영 대표가 2020년 5월 설립하여 수요예측부터 주문∙재고 배송 작업까지 통합한 ‘물류 자동화 플랫폼(풀필먼트)’ ARGO 서비스를 운영하고 있습니다. 2021년 1월에는 대표 서비스 ARGO를 정식 런칭함과 동시에 자체 물류센터를 운영하였고, 2022년부터 이커머스 전 과정을 통합하여 운영하고 있습니다.

테크타카는 Google, Amazon, UPS, Coupang 등 물류에 관한 실전 노하우가 많은 프로젝트 리드와 개발자들로 구성되어 있습니다. 축적된 물류 경험과 운영 노하우를 바탕으로 '네이버 D2SF, 카카오벤처스-신한캐피탈, 롯데벤처스, 뮤렉스파트너스, 미래에셋캐피탈, 미래에셋벤처투자, DSC인베스트먼트'로 부터 설립 15개월 만에 시리즈A 125억 원의 투자를 받았으며, '알토스벤처스'로부터 시리즈B 126억 원의 투자를 유치한 바 있습니다. ('24년 2월) 특히, 2024년 8월에는 포브스 아시아 ‘100대 유망기업’으로 선정되어 향후 글로벌 성장에 대한 비전을 검증받았습니다.

빠르게 성장하고 있는 테크타카의 동력원이 되실 수 있는 분을 모시고 있습니다.","• 재무, 회계, 세무 업무 총괄 및 내부 시스템 관리, 주요 이슈에 대한 경영진 보고와 자문
• 투자자 질의 대응 및 IR 준비
• 자금 운용과 현금 흐름 관리, 금융기관 협업
• 예산 수립, 사업 손익 분석 및 정부지원 사업 리서치","• 재무회계 관련 7년 이상 또는 이에 준하는 경력
• 회계학, 경영학 등 관련 전공 학사 이상
• K-IFRS에 대한 깊은 이해와 실무 경험이 있으신 분
• 탁월한 분석력 및 문제 해결 능력을 가지신 분
• 능숙한 대내외 커뮤니케이션 및 협상 능력을 보유하신 분
• 비즈니스 레벨 이상의 영어 커뮤니케이션을 구사하실 수 있는 분","• 물류, 스타트업 관련 근무 경험
• 세무 및 감사 대응 경험 우대
• MBA, CPA 또는 CFA 자격증 소지자 우대
• ERP 시스템 사용 경험 (SAP, Oracle 등)","테크타카는 자율적인 문화를 바탕으로 팀원 여러분들의 능력을 마음껏 펼칠 수 있도록 지원합니다. 

• 입사 시 Macbook 또는 LG Gram, 32"" 모니터 등 장비지원
• 단체상해보험 가입
• 매년 1회 건강검진&유급휴가
• 야간연장근무 시 식대, 안전귀가 지원 (카카오T 비즈니스)
• 경조금 및 경조휴가 지급
• 매월 복지포인트 지급
• 도서 구매 지원


＜근무 형태＞
정규직 (수습기간 3개월, 급여 100%)","서류 접수 ＞ 직무 인터뷰 ＞ 리더십 인터뷰 ＞ 최종 합격

tip: 본인의 프로덕트 경험 중 성공/실패로 판단한 기준을 객관적·논리적으로 작성
       담당해온 제품·서비스·프로젝트별 [문제 정의 -가설수립 - 액션 및 검증 - 결과]를 명확히 기재
       업무의 단순 나열이 아닌 임팩트 및 포인트 강조

※ 직무, 리더십 인터뷰는 같은 날 진행됩니다.
※ 처우협의와 입사일은 최종 합격 이후 개별적으로 협의하고 있습니다.
※ 채용단계에서 제공한 내용이 사실과 다르거나 증빙이 불가할 경우, 합격이 취소되거나 전형 상의 불이익을 받을 수 있습니다.","건강검진지원, 유급휴가, 휴가비, 복지포인트, 장비지원, 식대지원, 설립4~9년, 커피·스낵바, 보너스, 스톡옵션, 누적투자100억이상",상시채용,,서울 서초구,테크타카(ARGO)
Corporate Development Manager,"좋아하는 일로 먹고살아도 될까? 내가 잘하는 게 뭘까?

나의 정체성이 곧 브랜드가 되고, 나만의 방식으로 성공하는 시대에서 한 번쯤 던져본 질문들. 우리를 망설이게 했던 물음표를 뛰어넘으면 브랜드가 시작됩니다. 아임웹은 ‘브랜드 빌더’로서 누구나 브랜드를 시작하고 성장시킬 수 있도록 응원하고 지원합니다.

그동안 아임웹은 80만 이상의 고객과 함께했습니다. 2016년 후발주자로 웹 빌더 서비스를 시작했지만, 고객의 선택을 받아 시장 내 키 플레이어로 자리 잡았습니다. 더 나아가 이커머스 솔루션으로 고객의 온라인 비즈니스를 지원하며, 5조 원이 넘는 거래액을 달성했습니다.

항상 고객을 위한 최선이 무엇인지 고민하는 아임웹은 브랜드 빌더라는 새로운 도전을 시작했습니다. 브랜드를 시작하고 성장하며 마주하는 모든 어려움을 해결합니다. 쉽고 빠르게 웹사이트와 D2C 커머스 사이트를 만들 수 있는 웹 빌더부터, 브랜드 팬을 만들 수 있는 광고 관리와 CRM 마케팅, 심리스한 쇼핑 경험을 제공하는 주문 관리 시스템, 다양한 제휴사, 안정적인 인프라까지 제공하고자 합니다.

이를 위해 아임웹 팀은 구성원 한 명 한 명이 큰 임팩트를 내며, 어제의 시도를 오늘의 성공으로 만들고 있습니다. No.1 브랜드 빌더로 나아가는 아임웹과 함께 다양한 브랜드로 가득한 다채로운 세상을 만들 동료를 기다립니다.","자금 조달을 위한 투자 유치
• 자본 시장에서 회사의 지속 가능성을 인정받고, 투자 유치를 통해 회사의 Quantum Jump를 지원합니다.
• 외부의 다양한 이해관계자들에게 회사의 메세지를 전달합니다.

기업 M&A, 전략적 투자 및 실행
• 아임웹의 성장 동력이 될 수 있는 전략적 투자기회들을 발굴하여 잠재투자안 검토/평가 등의 업무를 통해 회사의 의사결정을 지원합니다.
• 투자를 통해 전략적 목표달성에 소요되는 시간을 단축합니다.
 
기업 전략 수립
• 회사의 미션과 비전을 현실화 하고 기업가치를 극대화할 수 있도록 거시적인 시각에서 시장 흐름을 살펴 회사 성장을 돕습니다.
• 비즈니스 및 제품 조직과 협업하여 기업 전략이 원활하게 실행될 수 있도록 지원합니다.","• Corporate Development, Venture Capital, Consulting, Investment Banking, Private Equity 업계 경력 3년 이상이신 분
• 투자 유치 혹은 투자 집행 프로세스를 경험해 보신 분
• 기본적인 회계 지식 보유 및 벨류에이션 분석을 직접 해 보신 분
• 문제 해결을 위한 다양한 방법들을 고민하고 실제 실행까지 진행하실 수 있는 분
• 유관 부서와의 원활한 협업 및 커뮤니케이션이 가능하신 분","• 영어 커뮤니케이션이 능숙하신 분
• 테크 및 정보기술 섹터에 대한 경험 보유하신 분
• 데이터 기반의 의사결정이 능숙하신 분","업무가 중요한 만큼 아임웹 구성원의 일상도 중요해요.
• 오전 7시~11시, 1분 단위로 내가 원하는 시간에 출근해요.
• 연차는 사유 없이, 승인 없이 쓸 수 있어요.
• 연 100만 원의 지원금으로 아임웹을 이용하는 다양한 브랜드들을 누려보세요.
• 주말 1시간 빨리 만나기! 매주 금요일은 1시간 단축 근무를 해요.
• 근속 연수에 따른 리프레시 휴가와 지원금을 드려요.
• 아임웹 구성원이라면 누구나 월 20만 원의 교통비를 지원해드려요.

구성원들의 성장이 곧 아임웹의 성장이에요.
• 업무에 필요한 도서는 얼마든지 지원해요.
• 업무 관련 교육과 세미나 수강료를 지원해요.
• 회식도 취향에 맞게, 다양한 방법으로 즐겨요.

일상과 특별한 순간을 모두 함께해요.
• 든든하게 식사를 해결할 수 있도록 식대를 지원해요. 
• 전문 바리스타가 내려주는 커피와 다양한 음료로 리프레시 할 수 있어요.
• 다양성과 취향을 고려한 간식과 음료가 구비되어있어요.
• 일 년에 한 번 뿐인 생일에는 4시간 일찍 퇴근해요.
• 생일을 맞이한 구성원에게는 10만원 가량의 선물을 제공해요.
• 가족들과 함께하는 명절에는 다함께 즐길 수 있는 선물을 제공해요.","• 전형 프로세스  : 서류 전형 ＞ 1차 직무 인터뷰 ＞ 2차 컬쳐 인터뷰 ＞ 최종 합격

• 서류 전형 : 생년월일, 사진, 연봉 정보 등 업무와 관계없는 내용보다, 어떤 경험을 해오셨는지 알 수 있는 경력 위주로 지원서를 작성해주세요.
• 직무 인터뷰 : 앞으로 함께 근무할 팀원들과 직무와 관련된 이야기를 나누는 시간이에요. 코딩 테스트를 진행했을 경우 테스트에 대한 피드백도 나누고 있어요.
• 컬쳐 인터뷰 : 피플팀과 30분, CEO 수모님과 1시간 정도 이야기를 나누며 서로가 추구하는 방향과 목표, 가치관을 공유하는 시간이에요.","커피·스낵바, 식대지원, 연봉상위11~20%, 51~300명, 아시아·태평양 고성장, 누적투자100억이상, AI 선도 기업, 인원 급성장, 설립10년이상",상시채용,"신속 간결한 스타일, 과정 중심 질문, 친절/따뜻한 스타일, 자유롭고 편한 환경",서울 강남구,아임웹
회계/자금 담당자,"비바리퍼블리카 계열사인 토스플레이스의 자회사로 자영업자를 위한 카드결제, POS, 키오스크 등 다양한 결제 솔루션과 결제 관리 서비스를 제공하고 있으며, 모든 사장님들이 장사에만 집중하실 수 있는 환경을 만들어 드리기 위한 “One-stop Solution 회사로 함께 성장할 인재 ” 를 모시고 있습니다.","• 재무제표를 작성하고 분석해요. (IFRS 기준)
• 자금 집행 및 운영을 담당하며, 다단계 결제 과정을 관리해요.
• 부가가치세 신고 업무를 수행해요.
• 외부감사에 대응하는 업무를 맡아요.
• 월결산을 진행하고, 분기별로 패키지 작업을 수행해요.
• 회계 및 세무 관련 이슈를 검토해요.
• 세무조정 업무를 지원해요.","• 회계, 재무 관련 업무를 3년-5년 경험하신 분이 필요해요.
• 외부감사 대응 경험이 있는 분이 필요해요.
• 더존 ERP를 다룰 줄 아시는 분이 필요해요.","• 관련 학과를 전공하셨으면 더 좋아요.
• 계열사에서 근무해보신 경험이 있으면 더 좋아요.
• 유통 업계에서 근무해보신 분이면 더 좋아요.","• 점심/저녁(야근)식대 제공(1.5만원)
• 복지포인트 지급(연간 120만원)
• 인센티브 (연간 2회)
• 시차 출퇴근제(9-11AM)
• 스낵바 운영 
• 수평적인 조직문화
• 자유로운 조직분위기
• 생일 반차 지급
• 육아휴직 및 출산휴가 제공
• 각종 경조사 지원
• 최신 IT기기 제공
• 자유로운 연차 사용(30분 단위 연차 가능)",서류전형 ＞ 실무면접 ＞ 임원면접 ＞ 처우협의 ＞ 입사,"회계, 재무 제표",,,서울 강남구,아이샵케어
뉴닉 재무 매니저(Financial Manager),"뉴스레터하면 뉴닉. 2018년부터 줄곧 1등 시사 뉴스레터로 많은 사랑을 받았다면, 이제는 시사뉴스와 메일링 서비스를 넘어 더 다양한 분야의 궁금증을 쉽고 재밌게 담아내는 플랫폼을 꿈꾸고 있습니다.

뉴닉의 재무 매니저는 뉴닉의 안정적인 재무 체계 구축을 위해 예산을 관리하고 재무 계획과 전략을 세웁니다. 또한 재무 데이터를 분석하여 뉴닉의 리더들에게 경영 전략의 인사이트를 제공합니다.","1. 뉴닉의 손익 및 현금흐름을 관리하고 운영합니다.
   - ERP(더존 등)를 활용한 자체 기장
   - 월/분기/연도별 결산 및 손익 분석
   - 원천세, 부가세 신고 및 법인세 회계 법인 협업
   - 매입/매출 세금계산서 발행 및 각종 세무 관련 이슈 대응

2. 뉴닉의 내부 회계 관리 제도를 구축하고 운영합니다.
   - 연간 예산 수립 및 지출 관리
   - 사업부/프로젝트별 손익 관리
   - 내부용 지출 관련 안내 및 가이드 작성

3. 외부 투자 및 내부 의사결정을 위해 재무 리포트를 작성합니다.
   - 자금 조달 및 투자 활동을 위한 지원 및 재무 파트 자료 작성
   - 리더, 투자사 및 주주 대상 재무 보고서 작성
   - 각종 회계 감사 또는 실사 대응

4. 재무회계와 관련한 경영 지원 및 운영 업무를 서포트합니다.
   - 주요 거래처 계약 관리 및 커뮤니케이션
   - 운영 프로세스 효율화 및 비용 절감
   - HR 및 운영 의사결정에 대한 재무적 관점 제공","1. 최소 3년 이상의 재무 회계 업무 경험이 있는 분
2. ERP 사용 및 구축 경험을 가지고 있고, 또한 Excel 을 능숙하게 활용하실 수 있는 분
3. 다양한 이슈에 대하여 빠르게 문제를 정의하고 효과적으로 해결하는 역량을 가지신 분
4. 논리적, 수리적 오류를 꼼꼼하게 분석할 수 있는 분
5. 꼼꼼하고 책임감 있게 일하며, 동료 및 이해관계자들과 원만한 소통이 가능한 분","1. 전산 세무 회계 관련 자격증을 보유하신 분
2. 스타트업의 성장단계별 재무회계 업무 고도화에 대한 지식이 있는 분 
3. 회계 감사 및 각종 실사 대응에 대한 경험이 있는 분
4. 데이터를 기반으로 의사결정하며, 다양한 데이터 관련 툴과 업무 자동화에 관심이 많은 분
5. 문서화를 기반으로 하는 명확한 정보 공유와 소통을 지향하는 분
6. 팀 관리 및 프로젝트 관리 경험이 있는 분","• '뉴스레터'하면 뉴닉! 2018년부터 1등 자리를 튼튼히 지켰습니다. 이제는 더 큰 시장으로!
• 50만 명이 보내주는 애정과 피드백 받아보셨나요? 출근길에 뉴니커를 마주치면 내적친밀감 폭발!
• 누구든지 '온전한 나'로서 존재하는 편안한 일터를 지향합니다.
• 성별, 성정체성, 연령, 신앙 등으로 인해 업무나 인사배치 등에서 차별받지 않아요.
• 자타공인 젠더, 환경, 인권 감수성이 높은 조직이에요.
• OKR과 애자일한 스프린트 체계를 도입해서 효율적으로 일하고 성장합니다.
• 유연 근무제 실시를 통해 팀원이 가장 효율적으로 일할 수 있는 환경을 만들고 있어요.
• 쉬고 싶을 땐 언제나 휴가를 사용할 수 있어요. 휴가 신청에는 승인이 필요하지 않아요.
• 모든 팀원에게 점심 식대를 현금으로 지원해요.
• 생일날에는 4시간(반차)의 해피벌쓰데이 휴가를 유급으로 지급해요.
• 매년 입사 기념일에 리프레시 휴가 5일을 유급으로 지급해요.
• 반려견도 함께 출근할 수 있어요.
• 업무와 자기계발에 도움이 될 도서 구입 대금 및 교육, 컨퍼런스 비용을 지원해요.",서류 심사 - 직무 인터뷰 - 컬쳐핏 인터뷰 - 처우 협의 - 채용 확정,"50명이하, 설립4~9년, 인원 급성장, 자기계발지원, 식대지원",2024.10.21,,서울 마포구,뉴닉
재무분석가,"알파브릿지는 에셋플러스자산운용의 사내벤처에서 출발, 2022년 7월에 법인으로 분리한 자회사로, 자산운용과 투자 시장의 인공지능화를 위해 AI투자 포트폴리오를 생성 및 개발하는 회사입니다.
수 많은 ‘투자의 끼’ 가 ‘혼재되어 있는 가치’ 속에서 AI와 데이터를 활용해 가치 있는 포트폴리오가 무한대로 만들어질 수 있는 세상을 만들어갑니다.","• 기업재무제표 분석 및 주주관점으로 재작성
• 투자지표 분석 및 발굴
• 투자 분석 시각화","• 자산관리, 금융, 투자 업종에 대한 이해가 있으신 분
• 재무제표 및 투자 분석 관련 경력이 있으신 분(5년 이상)
• 데이터를 체계적으로 분석하고 결론을 도출하실 수 있으신 분
• 분석 능력을 바탕으로 핵심적인 내용을 전달하는데 능숙한 분
• 대내외 효율적인 협업을 위한 우수한 커뮤니케이션 역량을 갖추신 분","• CPA(Certified Public Accountant) 자격증 보유자
• CFA(Certified Financial Analyst) 자격증 보유자
• 엑셀 및 분석 툴 능통자(Excel, SQL 혹은 Python 같은 데이터 분석 도구)
• 국제회계기준(IFRS) 혹은 US GAAP에 대한 이해가 높으신 분","• 개인 장비  -  최신맥북, 32""인치 모니터, 듀얼모니터
• 통근,교통  -  야근 교통비 지원
• 간식,식사  -  석식 지원, 카페테리아 제공
• 연차,휴가  -  자율휴가제
• 근무 형태  -  유연 근무(시차출퇴근제)
• 보험,의료  -  종합 검진 제공, 4대 보험
• 휴양 시설  -  휴양 시설 지원",서류 전형 - 면접 - 처우&입사일 조정,"편의시설, 유망산업, 식대지원, 커피·스낵바, 연봉상위11~20%, 50명이하, AI 선도 기업, 설립3년이하, 경기도 우수 중소기업, 유연근무",2024.10.31,,경기 성남시,알파브릿지
Accounting Manager,We're developing Large Language Models (LLMs) for Korea and other Asian countries,"Description: You will be the first non-technical hire in a new start-up, responsible for setting up initial critical systems around Accounting, Treasury and Payroll.

Accounting:

• Establish and maintain accounting policies and procedures to ensure accurate and timely financial reporting.
• Oversee the general ledger, accounts payable, accounts receivable, and month-end close processes.
• Ensure compliance with K-IFRS, K-GAAP, and other regulatory requirements.

Treasury Management:

• Manage cash flow and liquidity to support operational needs and growth initiatives. Including managing daily cash inflows and outflows.
• Develop and implement treasury strategies, including cash management, banking relationships, and investment activities.
• Monitor and mitigate financial risks.

Payroll Setup and Management:

• Implement a payroll system to ensure timely and accurate payment to all employees.
• Ensure compliance with payroll laws and regulations.
• Manage the basics of employee benefits and compensation programs

Other

• Other ad-hoc requests from the Executive Team","• Bachelor’s degree in Finance, Accounting, Economics, or a related field
• 5+ years of experience in financial planning and analysis, accounting, and treasury management, preferably in a start-up or high-growth environment.
• Proven experience in setting up and managing payroll systems.
• Strong knowledge of IFRS/GAAP and other relevant financial regulations.
• Proficiency in financial modeling and advanced Excel skills.
• Experience with financial software and ERP systems.
• Excellent analytical, problem-solving, and communication skills.
• Ability to work independently and as part of a team in a fast-paced, dynamic environment.","We offer very competitive compensation. We also offer (responsibly and autonomously) flexible working hours, and guaranteed gym hours during office hours as we believe physical and mental health is the most important value to the long-term success of a start-up.",,,AI 선도 기업,상시채용,,서울 강남구,트릴리온랩스
재무팀 리더,"맞서지 못할 만큼 거대한 문제는 없다고 믿습니다.

대한민국 국민의 절반은 중저신용자, 이들은 70%의 확률로 은행 대출을 거절당한다는 사실을 아시나요? 상환 능력과 의지가 충분한 사람조차도 신용 관리 방법을 모르거나, 저평가로 인해 은행의 문턱을 넘지 못합니다.

PFCT는 혁신적인 사고와 기술력으로 보통 사람의 금융생활을 더 합리적이고 가치있게 합니다.
- 합리적인 중금리 대출을 제공하고 중수익, 중위험 투자 상품으로 자산 증대를 지원하는 ‘피플펀드’
- 건강한 금융 활동을 위한 개인의 신용관리를 돕는 ‘크플’
- 금융기관의 리스크 관리를 고도화해 더 좋은 조건의 금융 상품을 함께 만드는 ‘에어팩’

“No. 1 PFC Technologies”
- [업계 1위] 온라인투자연계금융 ‘피플펀드’ 서비스는 업계 1위이며, 특히 주택담보대출 시장에서는 차순위 경쟁사의 약 3배에 달하는 대출잔액을 보유하고 있습니다. (’23.12)
- [튼튼한 파트너십] 비은행권 최고의 AI 신용평가 기술을 활용해 롯데카드, 전북은행 등 국내 금융기관에 AI 기반의 신용리스크 솔루션 '에어팩'을 제공하고 있습니다.
- [1,000억 투자] 베인캐피탈을 비롯한 국내외 유수의 투자사로부터 누적 1,338억 원을 유치했습니다. (’24.2)
- [글로벌 인정] 2022년, 포브스가 선정한 ‘아시아 100대 유망기업’에 선정되었으며, 'AWS Gameday’에서 우승해 아마존웹서비스(AWS)의 금융권 머신러닝 경진대회에서 타 금융기관을 제치고 기술력을 인정받았습니다.

‘보통 사람을 위한 보통이 아닌 금융’을 만드는 여정에 함께할 동료를 기다립니다.","• PFCT의 재무/회계 업무를 총괄하며 자금 계획, 예산 수립, 재무 분석 전반의 업무를 담당합니다.
• 손익 분석 및 예측을 통해 전사 차원의 재무 전략을 수립하며 경영진의 의사결정을 위한 근거를 제공합니다.
• 세무 신고 및 결산, 외감 등 관련 업무를 리드하며 전사의 재무적 성장 전략을 지원합니다.","• 재무/회계 분야에서 7년 이상의 경력 및 2년 이상의 팀 매니징 경험이 있는 분
• 재무적 관점의 사고를 기반으로 대내외 이해관계자들과 원활한 커뮤니케이션이 가능한 분
• 빠르게 변화하는 스타트업 환경에서 책임감 있게 업무를 이끌어갈 수 있는 분","• IT 스타트업, 금융기관,경영/전략 컨설팅 근무 경험이 있는 분
• CPA 또는 CFA 자격을 보유한 분
• 더존(WEHAGO) 회계 프로그램을 사용해본 분
• 비즈니스 영어(Reading/Writing)가 가능한 분","[Support & Refresh]
• 시차출퇴근제를 운영하고 있어 출근시간을 유연하게 조정할 수 있어요.
• 점심 시간은 자유롭게 지정해서 사용할 수 있어요.
• 밤 11시 이후 퇴근 시 야근 택시비를 전액 지원해요.
• 근속 3년마다 피플러의 재충전을 위해 리프레시 휴가를 제공해요.
• 안마의자, 게이밍 공간 등 휴식을 위한 다양한 공간이 준비되어 있어요.
• 의자계의 에르메스, 사무용 의자의 끝판왕이라 불리는 허먼밀러 의자를 구비했어요.

[Healthy to be Wealthy]
• 점심 식대 12,000원, 야근 시 저녁 식대 12,000원을 지급해요.
• 그래놀라, 견과류, 탄산수, 우유 등 맛있는 간식을 상시 비치해요.
• 다양하고 맛있는 간식을 스낵존에 상시 비치해요.
• 매주 수요일 오후는 ‘해피아워’로, 맛있는 간식을 랜덤으로 제공해요.
• 피플러와 가족의 건강 관리를 위해 연 1회 종합건강검진을 전액/할인 지원해요.
  
[Family-Oriented]
• 가족에게 중요한 일이 생기면, 유연·단축 근무를 활용할 수 있어요.
• 생일을 맞은 피플러에게 유급 반차와 상품권을 선물로 드려요.
• 결혼 시 유급 휴가 2주, 축하금, 축하 화환을 지급해요.
• 경조사 종류에 따라 유급 휴가 및 경조금, 화환을 제공해요.
• 설, 추석 명절 각각에 상품권을 선물로 드려요.
• 본인 및 배우자 출산 시 유급 휴가, 재택 근무 등이 가능해요.
  
[Good Time with Good People]
• 2주에 한 번 랜덤으로 모여 서로를 알아가는 점심 식사를 해요.
• 신규 입사자를 위한 짝꿍(buddy)을 매칭해주고, 안정적인 적응을 돕고 있어요.
• 팀 빌딩을 위한 회식비를 지원해요.
• 취미를 함께 즐길 수 있도록 사내 동호회 활동을 지원해요.
  
[Growth for Next Step]
• 무제한 도서 지원 제도를 운영해요.
• 신규입사자들이 PFCT에 대해 더 깊이 알 수 있도록 NJT(New Joiner Training)를 진행해요.
• 업무와 밀접한 연관이 있는 외부 교육 참여와 강사 초청을 지원해요.
• 피플러가 가진 다양한 스킬 및 재능을 공유하는 사내 클래스를 운영해요.","서류 전형  1-2차 직무 인터뷰  컬처핏 인터뷰  처우 협의  최종 합류
지원 서류: 자유 양식의 이력서(필수), 포트폴리오(선택) / PDF 형식 권장","편의시설, 유급휴가, 식대지원, 건강검진지원, 사내동호회, 커피·스낵바, 51~300명, 설립4~9년, 누적투자100억이상, 유연근무",상시채용,"신속 간결한 스타일, 결과 중심 질문, 천천히 기다려준 편, 자유롭고 편한 환경",서울 서초구,피에프씨테크놀로지스
IR Manager,"[리디를 소개합니다.]

국내 전자책 점유율 1위를 넘어 글로벌 콘텐츠 산업의 강자로 급부상하고 있는 유니콘 스타트업 리디와 함께 할 당신을 기다립니다. 리디는 2009년 전자책 서비스 '리디북스'를 시작으로, 10년 이상 지속적으로 성장하며 국내외의 고객들에게 전자책, 웹툰, 웹소설 등 다양한 온라인 콘텐츠 서비스를 제공하고 있습니다.

2020년부터는 글로벌 웹툰 구독 서비스 ‘만타(Manta)’를 성공적으로 런칭하여 현재 1,000만 다운로드를 달성하는 등 북미를 시작으로 아시아, 유럽까지 글로벌서비스를 확장하고 있습니다.
컨텐츠 산업에서 리디와 함께 성장할 인재라면 지금 도전하시기 바랍니다.

리디의 글로벌 웹툰 구독 서비스 ‘만타(Manta)’는 출시 후 빠르게 성장 중인 서비스입니다.","• 발표자료와 보도자료를 포함한 투자자 관계 자료의 유지 보수 및 업데이트
• 투자자 회의체, 컨퍼런스 및 로드쇼 조직 및 관리 운영 
• 주주 및 투자자/애널리스트 대응
• 시장, 산업, 경쟁사 분석 및 투자자 피드백 모니터링을 통한 IR 전략 수립
• 공시 (정기공시, 수시공시 등) , 주주총회 및 이사회 개최 실무","• 유관 경력 3년 이상
• 회계 및 재무 보고서 이해/작성 능력 보유자
• 비즈니스 영어 커뮤니케이션 역량 보유자","• 코스닥 상장사 IR 경력자
• 금융 시장, IT 및 콘텐츠 산업에 대한 높은 이해도
• 영어 또는 일어 커뮤니케이션 역량 우대","언론에 소개된 리디
•리디, GIC등 1200억원 투자 유치 및 기업가치 1.6조 '유니콘' 기업 등극
https://n.news.naver.com/article/277/0005051077
•웹툰 기업으로 변신한 리디, 女心 공략하며 무섭게 성장
https://n.news.naver.com/mnews/article/366/0000826817?sid=101
•구글 엔지니어 출신 CTO 영입
https://www.venturesquare.net/853258

[리디 LIFE: 혜택 및 복지] 

■ WORK
리더스(Ridus)가 업무에만 몰입할 수 있도록 쾌적한 업무 환경을 제공합니다
• “건강의 첫째 조건, 잘 먹기!” 점심식대 1만원 지원 (야근 시 저녁식대 1.5만원 지원)
• 선릉역 1분 거리에 뛰어난 접근성을 가진 사무실 제공
• 야근 시 택시비 전액 지원

■ LIFE
업무외의 삶 역시 리디에서 지원합니다.
• 최대 1억 원 한도 주택자금 대출이자 지원
• 경조사 지원 및 명절 상품권 지급
• 휴식이 필요할 때 제휴 호텔&리조트 할인
• 근속 3년마다 리프레쉬 휴가(2주) 및 5성급 호텔 숙박권 제공
• [쏘카x리디] 카셰어링 혜택 제공

■ GROWTH
개인의 성장을 이룰 수 있도록 리디가 함께합니다. 
• 체력단련비 최대 월 20만원 지원
• 자기개발비 일부 지원
• 리디 서비스 지원 - 리디셀렉트 무료, 리디캐시 충전액&만타 구독료 30% 지원
• 직무 관련 도서 구매비 무제한 지원
• 엔지니어 대상 AWS 학습비용 지원 (최대 20만원)

■ HEALTH
건강한 몸과 마음을 바탕으로 일할 수 있는 문화를 지향합니다
• 제철 과일, 우유, 두유, 시리얼 등 간식 제공
• 영양제, 견과류, 건강음료 제공
• 임직원 및 배우자 연1회 건강검진 지원 (부모 및 배우자의 부모 격년 1회 지원)
• 사고나 질병에 대비한 단체상해보험 제공
• 편안한 휴식을 취할 수 있도록 안마의자 구비
• 독감 예방 주사, 스케일링 연1회, 멘탈케어 전액 지원

===================

[추가 정보]

• 제출서류 
필수 서류: 이력서
선택 서류: 포트폴리오 등
• HWP, Word 파일은 업로드가 원활하지 않으므로 이력서 등 첨부서류는 PDF파일로  업로드하는 것을 권장합니다.


• 이력서 내 기재사항 
   필수기재 사항
   - 인적사항 : 국/영문 성함, 생년월일, E-mail, 휴대전화 번호
   - 학력사항 : 학교명, 전공, 졸업구분 등
   - 경력사항 : 전체 경력의 입사일 및 퇴사일, 근무 형태, 간략한 이직 사유  
   - 외국어 능력 및 해외 경험
   - 해외 국적자: 보유 중인 취업 비자 유형 및 종료일
      (비자가 없는 경우에도 ‘없음’으로 기재 부탁드립니다)
    - 예시 : E7, D10, F4, F2 등
   선택 기재 사항
   - 경력 및 재학기간 중 공백기에 대한 설명

• 공통 지원 자격
   - 해외출장에 결격사유가 없으신 분
   - 남성의 경우 병역필 또는 면제자이신 분

• 기타
   - 장애인, 국가유공자 등은 관련법에 따라 채용시 우대합니다.

• 전형 절차: 서류전형 ＞ 면접전형 ＞ 건강검진 ＞ 입사
※ 면접 절차는 2~4차로 진행되며, 포지션 별로 상세 안내 드리겠습니다.
※ 서류 합격자에 한하여 리디 인성 검사가 시행되며, 별도 안내 드릴 예정입니다.
※ 채용 프로세스는 통상 4~6주 소요됩니다. 본 일정은 후보자와 소통을 통해 조정할 수 있으며, 심사가 지연되거나 일정의 변경이 있을 경우 별도 안내 드립니다.
※ 경우에 따라 추가 절차가 포함될 수 있습니다.

• 수습 기간 안내
모든 신규입사자는 3개월간의 수습 기간이 있으며 수습 평가 결과에 따라 고용에 적합하지 않다고 판단될 경우, 수습 기간이 연장되거나 채용 취소가 될 수 있습니다.

• 채용서류 반환 절차 안내
채용절차의 공정화에 관한 법률(채용절차법) 제 11조에 따라, 리디의 채용서류 반환절차에 대해 안내 드립니다.

채용절차법 제 11조 제 1항에 따라 리디 주식회사 채용에 응시한 구직자 중 최종합격이 되지 못한 지원자 분들은 채용 서류의 반환을 청구할 수 있습니다.
다만, 채용절차법 제 11조 제 1항 단서조항에 따라 홈페이지 또는 전자우편으로 채용서류가 제출된 경우나 당사 요구 없이 자발적으로 제출한 경우에는 그러지 아니하며, 천재지변이나 그 밖에 당사에 책임없는 사유로 채용서류가 멸실된 경우 반환 의무를 이행한 것으로 봅니다.

채용서류 반환 청구를 원하는 구직자께서는 아래 채용서류 반환청구서 양식을 작성하여 당사 채용담당자 이메일로 제출해 주시면, 채용절차법 시행령 제 2조 제 1항에 따라 반환청구서 제출이 확인된 날로부터 14일 이내에 주소지로 등기 우편을 통해 발송해드립니다. 소요되는 비용은 청구인이 부담하실 수 있음을 안내드립니다.

당사는 달리 파기 또는 반환청구가 없는 한 채용여부가 확정된 날부터 5년까지만 채용서류를 보관하며, 이 후에는 개인정보보호법에 따라 지체 없이 채용서류를 파기합니다.htz,",,"자기계발지원, 식대지원, 커피·스낵바, 건강검진지원, 편의시설, 대출지원, 보너스, 연봉상위11~20%, 301~1,000명, 설립10년이상, 누적투자100억이상",2024.10.31,"신속 간결한 스타일, 과정 중심 질문, 친절/따뜻한 스타일, 캐주얼/편한 분위기",서울 강남구,리디(RIDI)
[핀테크] 의심 회원/거래 관리 담당,"와이어바알리는 2016년에 설립된 해외 송금 전문 핀테크 스타트업입니다. 한국을 비롯하여 미국, 호주, 뉴질랜드, 홍콩, 싱가포르에 법인을 갖고 있습니다. 현재 한국, 호주, 미국, 뉴질랜드, 홍콩, 캐나다 6개의 송금 국가, 수취국 44개국, 225개국의 송금 구간을 통한 개인 송금 서비스를 제공합니다. 해외송금 서비스를 넘어 기업 대상 해외 송금 서비스 및 E월렛 서비스 등을 도입해 아시아 선두는 물론 종합 글로벌 페이먼트 회사로 도약하고 있습니다.

와이어바알리와 함께 성장할 글로벌 인재를 찾습니다!","• 의심회원 및 거래에 대한 관리
• 국내외 의심 회원/거래에 대한 1차 심사
• 글로벌 컴플라이언스팀과의 커뮤니케이션을 통한 고객 대응 방향 정리
• 외부 의심거래 접수 시 조사 및 보고, 사후 대처
• 준법 감시 업무에 대한 내부 교육 및 업무메뉴얼 제작","• 비즈니스 영어가 가능하신 분
• 고객 중심 사고, 데이터 기반 의사 결정에 익숙한 분
• 업무에 대해 책임감을 가지고 주도적으로 개선해나갈 수 있는 분
• 고객 이슈에 대해 즉각적인 리포팅 및 관리가 가능하신 분
• 공휴일 근무 가능하신 분","• 금융회사 근무 경력 우대
• 준법감시에 대한 이해도가 있으신 분
• 스타트업에서 빠른 의사결정과 실행을 경험해보신 분
• 엑셀, PPT등 MS오피스 활용에 어려움이 없으신 분","• 경력에 따라 연봉 및 처우 조정 가능
• 4대보험 가입 / 주 5일 근무, 연차휴가
• 점심 식대 지원
• 야근 식대 지원
• 생일 당일 반차 지급
• 개별 노트북 제공
• 업무 관련 물품 지원
• 각종 경조사 지원
• 설/추석 명절 선물 지",,"장비지원, 식대지원, 51~300명, 설립4~9년, 누적투자100억이상",2024.10.31,"신속 간결한 스타일, 과정 중심 질문, 진중/칼같은 스타일, 자유롭고 편한 환경",서울 강남구,와이어바알리(wirebarley)
IR 담당자,"노머스는 혁신적인 엔터테인먼트 플랫폼을 제공하는 IT엔터 기업입니다.

프라이빗 메세지 플랫폼 'fromm' 과 Art Class 및 국내외 콘서트 등 다양한 콘텐츠를 제공하는 'Wonderwall'
서비스를 통하여 고객들에게 예술 분야의 새로운 경험을 제공하고 있습니다.
앞으로 노머스는 더 많은 예술 영역에 추구하는 가치를 알리고 예술로 세상을 바꿀 것 입니다.
'Art Changes Life, 예술이 세상을 바꾼다'

1. 콘텐츠 다양성: 노머스는 다양한 장르와 형식의 콘텐츠를 제공하여 고객의 다양한 취향을 만족시킵니다.
2. 기술 혁신: 최신 기술을 활용하여 사용자 경험을 극대화하고, 지속적인 기술 개발을 통해 경쟁력을 유지합니다.
3. 글로벌 네트워크: 국내외 다양한 파트너와의 협력을 통해 글로벌 시장에서도 경쟁력을 갖추고 있습니다.

이번에 채용하는 IR 담당자는 회사 현황에 대한 공시, 국내외 투자자와의 소통, 투자자 관리 및 주총/이사회 등 회의체 관리 업무를 담당하게 됩니다.

노머스의 성장과 함께할 열정적인 전문가분들의 많은 지원 바랍니다!","• 정기공시, 지분공시, 수시공시, 포괄공시 진행
• 한국거래소, 금융감독원, 예탁결제원 관련 대응 업무
• 주식사무(주식매수선택권 등) 진행
• 주주총회, 이사회 등 회의체 관리
• 기관투자자, 증권사 애널리스트, 언론사 등 대응지원
• IR자료, 보도자료 작성/배포지원
• NDR, DR, 기업탐방 대응지원
• 자금조달(메자닌, 유상증자) 등","• 4년제 학사 이상 학력, 전공 무관
• IR 업무에 대해 3년 이상 관련 경력 보유
• 유가증권시장/코스닥시장 상장사 공시 업무 유경험자","• 대내외 커뮤니케이션 능력이 우수하신 분
• 문서 작성 활용 능력이 우수하신 분
• 재무, 회계에 대한 지식 보유
• 엔터테인먼트 업종 및 주식시장에 대한 관심 및 이해도를 갖추신 분","• 성장을 위한 도서 구매와 강의 비용을 지원
• 최신 트렌드와 지식을 공유하는 정기적인 세션 제공
• 자발적인 스터디 모임을 통한 기초 지식 향상 지원
• 개인의 성장을 위해 적극적으로 지원하는 환경","• 서류 전형
• 1차 면접
• 2차 면접
• 최종 합격","커피·스낵바, 식대지원, 51~300명, 설립4~9년, 보너스, 누적투자100억이상, 인원 급성장",상시채용,"신속 간결한 스타일, 과정 중심 질문, 친절/따뜻한 스타일, 자유롭고 편한 환경",서울 강남구,노머스(원더월)
재무팀장 (서울),"#유연근무#연봉업계평균이상#누적투자213억이상#인원급성장#50명이하#설립4~9년#성과급#건강검진#리프레시휴가#식비#음료#간식#IT,컨텐츠#판매,유통#로봇#인공지능

폴라리스쓰리디는 ‘1인 1로봇’ 라는 비전을 가지고, 모빌리티 분야의 상상을 현실로 만들어나가고 있습니다

-

“저렴하고 품질 좋은 국산 서빙로봇으로 F&B를 건강하게 혁신한다”를 우리의 미션으로 삼고 100% 자체개발 서빙로봇 '이리온'을 출시하여 시장에 긴장감을 일으키고 있어요.

중국산 로봇의 인지도가 높은 우리나라 서빙로봇 시장에서 국산 서빙로봇 이리온이 출시되자마자 많은 선택을 받고 있는 이유는 서빙과 주행에서 확실히 비교되는 성능과 높은 가격경쟁력 때문이에요.

출시 이후 30곳 이상의 유명 외식업 브랜드와 사업제휴를 맺어나가고 있으며 누적 투자 213억원 이상을 달성하면서 가파르게 성장 중인 폴라리스쓰리디에서 능동적으로 같이 성장하며 국산로봇의 대중화를 이끌어갈 멋진 동료분들을 찾아요!","• 재무제표 작성 및 경영실적 분석 보고
• 회계(재무/원가/세무회계) 업무 관리
• 단기/중기/장기 경영계획 및 관리
• 주총 및 이사회 일정 관리    
• IPO 대응 자료 작성 및 관리","• 서울 용산 근무 가능자
• 관련 경력 8년 이상
• 상경계열학사    
• Excel 등 MS office, Google Suite 등 업무 Tool 능숙

[근무 지역]
• 서울 용산구

[근무 조건]
* 세부 처우 및 입사일은 협의
* 시용기간 (3개월) 후, 평가 결과에 따라 정규직 전환 결정되며 평과결과에 따라 본 채용이 거부 될 수도 있습니다.","• 팀장경력 4년 이상
• 내부회계관리업무 유경험자
• IFRS conversion 유경험자","• 연차는 사유 없이 편하게 사용하실 수 있어요.
• 업무에 집중하실 수 있도록 음료, 커피, 간식을 무제한 제공해요.
• 자기계발을 위한 도서비를 지원해요.
• 직무 발명 보상제도를 운영하고 있어요.
• 회사 로고가 담긴 실용적인 아이템을 선물해드려요. (유니폼, 가방 등)
• 회식은 취향에 맞게, 함께하고 싶은 동료들과 자유롭게 즐겨요.
• 듀얼모니터, PC 등 필요 장비를 제공해드려요.
• 가족들과 함께 즐길 수 있는 명절선물을 드려요.
(세일즈제외) • 자유롭고 편안한 복장으로 업무 효율을 높여요
(타지역에서 포항본사근무) • 타지역 채용자는 월 35만원 주거비를 지원해드려요.",서류전형 - 1차 면접 전형 - 2차 면접 전형 - 처우 및 입사일 협의 - 최종 합격 통보,"자기계발지원, 커피·스낵바, 식대지원, 유망산업, 보너스, 건강검진지원, 50명이하, 설립4~9년, 리프레시휴가, 장비지원, 스톡옵션, 누적투자100억이상",상시채용,,서울 용산구,폴라리스쓰리디(Polaris3D)
Finance Lead (Head),"교육은 참 어렵습니다. 잘 가르치고, 잘 배우며, 잘 키우는 것은 결코 쉽지 않습니다. 우리의 시간과 에너지가 유한하기 때문입니다. 맡은 학생 모두에게 좀 더 깊은 가르침을 줄 수 있고 학생 스스로 배우는 법을 깨우치도록 하는 기술, 클래스팅은 모두가 한계 없이 배움에 연결되도록 현장을 이해하는 교육 기술을 연구합니다.

AI-powered LMS, CLASSTING은 에듀테크 SaaS 기업으로 인공지능 학습 관리 솔루션을 제공하면서, 개인의 잠재력이 세상에 가장 잘 발현되도록 기술을 통해 배움을 연결하고, 배움의 속도를 높이고 있습니다.

클래스팅은 전 세계 47개국의 교육 현장에서 유연하게 활용할 수 있는 통합 에듀테크 솔루션을 제공합니다. 850만 명 이상의 사용자와 98만 개 이상의 클래스를 통해 누적 17억 건 이상의 교육 빅데이터를 보유하고 있습니다.

클래스팅의 문화에 대한 보다 자세한 이야기는 클래스팅 홈페이지를 참고해 주시기 바랍니다 :)","• 글로벌 및 국내 장단기 재무/ 자금 계획 수립, 예산 편성 및 실행 모니터링
• 부문별 성과 분석/관리 및 기타 전반
• 기타 경영 의사결정에 필요한 재무 모델링, 시나리오 플래닝 및 보고자료 작성
• 국내외 IR, IPO 관련 업무","• FP&A관련 업무 경력 7년 이상
• 해외 IR 및 투자유치 실무 가능한 영어
• 재무 모델링, 데이터 분석에 능숙하신 분","• CPA 또는 CFA 자격증 보유자
• 증권사, VC, 스타트업 근무 경험 있으신 분
• 해외 IR 경험 및 글로벌 투자자와의 커뮤니케이션 능력
• IPO 경혐자


[채용 프로세스]
• 서류 전형 ＞실무역량 & 컬처핏 인터뷰 ＞ 최종 인터뷰(비대면) ＞ 처우협의 ＞ 입사확정
• 프로세스 진행 시 각 전형의 순서가 변동되거나 생략될 수 있으며, 레퍼런스 체크를 진행할 수 있습니다.


[수습기간]
• 3개월 계약직 근무 후 평가에 따라 정규직 전환 / 급여 100% 지급","클래스팅은 클래스터가 가장 중요한 일에 집중할 수 있도록 지원합니다.
최고의 동료들과 치열하게 고민하고 도전할 수 있도록 최적의 몰입 환경을 만들고 아낌없이 보상하며 성장을 지원합니다.

■ 일하는 것이 즐거운 클래스터
• 업계 최고 수준의 보상
• 업계 최고의 동료들과 함께하는 즐거움
• 몰입을 위한 최상의 업무환경 제공
• 업계 최고 수준의 업무용 장비 지원

■ 함께 성장하고 도전하는 클래스터
• 성장을 위한 상시 피드백 문화
• 강의, 세미나, 도서 등 자기 계발 교육비 지원
• 직무 역량 강화를 위한 직군별 스터디 지원
• 사내 동아리 운영 및 팀워크 활동비 지원

■ 몸과 마음이 건강한 클래스터
• 점심/저녁 식대 지원(개인 법인카드 지급)
• 다양한 취향을 반영한 음료와 간식 상시 제공
• 유산균, 멀티비타민 등 건강기능식품 제공
• 장기근속자 지원 : 리프레시 휴가 & 휴가비 / 종합 건강검진 (가족 1인 포함)

■ advanced Classter 혜택
• #자율재택, #무제한휴가, #자율출퇴근",,"유망산업, 자기계발지원, 건강검진지원, 휴가비, 커피·스낵바, 식대지원, 연봉상위11~20%, 51~300명, 인원 급성장, 설립10년이상, 누적투자100억이상, 유연근무",상시채용,"신속 간결한 스타일, 과정 중심 질문, 친절/따뜻한 스타일, 자유롭고 편한 환경",서울 강남구,클래스팅(Classting)
Income Auditor(1년 이상),"[Mohegan INSPIRE Entertainment Resort]

모히건 인스파이어 엔터테인먼트 리조트는 아시아의 차세대 엔터테인먼트 리조트이자 글로벌 관광명소로써 다양한 최고급 시설과 즐길 거리를 한 자리에서 만날 수 있는 곳입니다. 여기에는 1,200실 규모의 럭셔리 호텔 3개동, 외국인 전용 카지노 중 국내 최대규모의 게이밍 시설, 다양한 K-pop 및 글로벌 아티스트의 공연이 가능한 15,000석 규모의 국내 최초 다목적 아레나, 여러 방향으로 뻗어 나가는 가변형 공간으로 구성된 컨벤션 센터, 사계절 이용가능한 대규모 돔형 실내 워터파크 그리고 야외 테마 공간, 그리고 국내외 유수의 쇼핑브랜드와, 고급 다이닝부터 스트릿 푸드까지 다양하게 즐길 수 있는 글로벌 미식 공간, 독보적인 최첨단 엔터테인먼트 요소가 결합된 리테일 시설이 포함됩니다. 특색 있는 시설 및 다채로운 엔터테인먼트 옵션을 갖춘 인스파이어는 전 세대를 아울러 모든 방문객에게 잊지 못할 경험을 선사할 것입니다.","INPSIRE Entertainment Resort의 Finance 부서에서 Income Auditor를 채용합니다. 일일 매출 감사 및 매출보고서의 준비 및 배포를 담당합니다. 글로벌 호텔 체인 및 럭셔리 호텔 경력자는 우대합니다.

• Audits daily non-gaming resort revenue including F&B, Arena, Family Park and mall and their supporting transaction reports of the Day-Ends process.
• Performs account reconciliations and analysis of key financial information.
• Ensures that all revenues on sub-ledgers (InfoGenesis POS, Agilisys PMS, TMS and Etc.) agree with general ledger (ERP System).
• Resolves errors found on the ledger then co-ordinates with the PMS or IT management for assistance.
• Prepare the daily revenue report including statistic.
• Audits the list of revenue adjustment for proper approvals and explanations.
• Understands and complies with internal revenue audit procedures.
• Report irregularities to management if it's founded.
• Prepare the data for external and internal audit compliance.
• Performs revenue self-audits periodically based on internal audit standards.
• Verifies accuracy of revenue allocation and intra transactions
• Provides direction and training to hotel operational team in areas related to revenue.
• Prepare monthly closing and generate revenue report.","• Minimum 1+ years of experience in an Operational Controlling in hospitality & entertainment businesses.
• Bachelor’s degree in accounting or a related field
• Sound understanding of accounting principles.
• Ability to work autonomously and be part of the broader team.
• Appropriate handling of sensitive information
• Excellent time management and organizational ability
• Team player with the ability to communicate and coordinate with multiple parties.
• Intermediate to advanced computer software skills, including Excel and other accounting packages.
• Excellent organizational and multi-tasking skills.","• Special holiday
• Annual medical check-up
• Lunch
• Flexible benefit
• New year and Chuseok holiday voucher
• Group insurance","서류전형 -＞ 채용담당자 인터뷰 -＞ Business 인터뷰(2회 이상) -＞ 평판조회 -＞ On-Boarding
(상황에 따라 인터뷰 절차가 추가 및 변경될 수 있습니다.)

[지원시 유의사항]
‘채용 절차의 공정화의 관한 법률(이하 채용절차법)’에 의거하여,
1) 자격증, 학위 등 증빙자료는 추후 요청 시 제출하게 됩니다.
2) 이력서에 주민등록번호, 가족사항 등의 개인정보를 기재하지 마시기 바랍니다.
3) 장애인 및 보훈 해당자는 관련 법에 의거, 우대합니다.(추후 증빙 제출)
*당사는 ‘채용절차법’에 의거, 채용 과정 중 업무와 무관한 일체의 개인신상정보를 묻거나 요구하지 않습니다. *",,"연봉상위2~5%, 설립4~9년, 커피·스낵바, 식대지원, 인원 급성장, 1,001~10,000명, AI 선도 기업",상시채용,"신속 간결한 스타일, 과정 중심 질문, 친절/따뜻한 스타일, 자유롭고 편한 환경",인천 중구,인스파이어인티그레이티드리조트
사고심사 매니저,"[우리 팀을 소개합니다]
• 사고심사팀은 쏘카 이용 중 발생한 사고에 대해 조사와 심사를 진행합니다.
• 쏘카의 고객들이 안심하고 이용할 수 있도록 최선을 다하는 팀입니다.","[담당하시게 될 업무를 소개합니다]
• 사고로 인해 발생된 자차 수리 비용 관리
• 사고 차량의 수리 및 입출고 관리
• 사고 조사 및 관련 자료 수집
• 수리비 산정 및 면책금 청구 
• 직접적인 커뮤니케이션을 통한 고객 케어","[이런 분과 함께 성장하고 싶습니다]
• 초대졸 이상 (전공 무관)
• 문제해결 중심의 협업을 위한 의사소통이 가능한 분 
• 논리적이고 분석적인 사고력을 갖춘 분 
• 원활한 의사전달 능력을 가진 분","[이런 분이면 더욱 좋습니다]
• 보험사(손해사정사) 경력을 보유한 분 
• 동종기업 관련 업무 경력을 보유한 분 
• 관련 전공분야 이수한 분 

[동료의 한마디]
• ""다양한 경험을 통해 사고 대응 전문가가 되실 수 있어요!""
• ""예기치 않은 사고로 발생하는 손해를 최소화하고, 고객들이 안심하고 이용할 수 있는 쏘카가 되도록 함께 만들어보아요.""","[가족까지 생각해요]
• 무주택자 전/월세 대출이자 일부 지원
• 임산부 단축 근무 및 직장 어린이집 지원
• 명절 단축 근무 및 상품권 지원
• 경조휴가 및 경조사비 지원

[라이프를 함께해요]
• 쏘카 상시 할인 및 크레딧 지급
• 쏘카 지인 할인 쿠폰 지급
• 도서구입비, 교육비 지원
• 사내 동호회, 소모임, 밍글링 지원
• 장기 근속 휴가 및 포상금 지급

[건강을 챙겨드려요]
• 본인 및 가족 1인 건강검진 지원
• 단체 상해보험 가입 지원
• 마음 건강 프로그램 운영
• 사내 간식 및 커피 지원
• 사내 힐링룸 운영","[미래의 쏘팸이 되기 위한 과정]
• 서류 지원 ▷ 1차(직무) 인터뷰 ▷ 2차(컬쳐 핏) 인터뷰  ▷ 입사 조건 협의(처우,입사일) ▷ 최종 합격 확정 ▷  입사
   • 처우 협의가 완료된 후보자 분들께 최종 합격 안내를 드리고 있습니다. 
   • 후보자 혹은 회사의 상황에 따라 전형이 추가될 수 있습니다. 
   • 입사 후 3개월의 수습 평가 기간이 있습니다.","자유로운휴가, 어린이돌봄, 건강검진지원, 휴가비, AI 선도 기업, 커피·스낵바, 자기계발지원, 사내동호회, 설립10년이상, 누적투자100억이상",2024.10.31,"신속 간결한 스타일, 과정 중심 질문, 친절/따뜻한 스타일, 캐주얼/편한 분위기",서울 성동구,쏘카(SOCAR)
[빗썸] 시장관제담당자,"세상의 모든 가치가 거래되는 곳,
대한민국 대표 가상자산 거래소 빗썸에서 함께 성장할 동료를 찾고 있습니다.

빗썸은 매일 82만명이 방문하고 하루 평균 약 2조 2천억원에 달하는 가상자산이 거래되는, 그리고 월렛(Wallet)과 대체불가능토큰(Non-Fungible Token, NFT), 메타버스(Metaverse) 등의 기술을 바탕으로 블록체인 기반의 암호화폐 생태계를 선도하고 있는 대한민국 최고의 가상자산 거래소입니다.

대용량 트래픽을 안정적으로 처리할 수 있는 고성능 거래 체결 엔진을 바탕으로 투명하고 공정한 검증을 거쳐 상장된 가상자산과 NFT를 포함한 다양한 블록체인 기반 콘텐츠 상품군을 통해 이용자에게 최적의 트레이딩 서비스를 제공하는 것을 목표로, 빗썸은 오늘도 빠르게 성장하고 있습니다.

빗썸의 미래와 함께 성장할 도전적인 인재, 멋진 우리의 동료를 기다립니다.","• 가상자산 입고 및 출고 모니터링
• FDS 솔루션운영 및 금융사고 모니터링
• 장애, 오류 및 시장상황 모니터링
• 트래블룰 및 블랙리스트 지갑주소 관리","• 가상자산에 관련 업무역량이 있으신 분
• MS Office 활용능력이 우수하신 분
• 자기주도적 업무성향과 책임감 있는 성향을 보유하신분",• 가상자산거래소 시장관제 업무 경험이 있으신 분,"[업무에 몰입할 수 있는 환경을 조성합니다.]

• 비포괄임금제 | 일한만큼 받습니다. 초과근무 시 1분단위 수당으로 보상합니다.
• 선택적 근로시간제 | 출퇴근시간을 본인이 선택하여 복잡한 출퇴근길을 피할 수 있습니다.
• 복지포인트 연간 840만원 지급 | 항목에 상관없이 자유롭게 사용 가능한 복지포인트를 연간 840만원 지원합니다.
• 출퇴근 교통비 지원  |  야간/휴일근무 시 카카오T 비즈니스를 이용하여 편하게 출퇴근합니다.


[ 구성원의 편리한 생활을 지원합니다.]

• 삼시세끼 제공   
- 조식 : 샌드위치, 샐러드 등 간단하고 건강한 메뉴들이 매일 다양하게 준비되어있습니다.
- 중식 : 비싼 강남 물가에 맞게! 연봉에 포함되지 않는 식대를 월 22만원 지급합니다.
- 석식 : 퇴근이 늦어질 경우, 저녁식사비로 식권대장 포인트 12,000원 지급합니다.
- 휴일 : 휴일 근무 시에는 점심/저녁식사비로 식권대장 포인트를 끼니당 18,000원씩 지급합니다.
• 간식·음료 무제한 스낵부스 운영 | 과자류, 간편식 뿐만 아니라 유산균이나 홍삼같은 건강식품까지 제공합니다.
•  장부식당 운영 | 빗썸 직원들과의 저녁모임 시, 고기·호프·치킨집 등 제휴된 식당을 자유롭게 이용할 수 있습니다.
• 주택자금대출 | 주택 매매/임차 시 최대 5년간 1억원까지 무이자로 지원합니다.
• 자녀학자금 | 유치원·어린이집 240만원, 초/중/고등학교 180만원, 대학교 1,000만원까지 연 단위로 지원합니다.
• 기념일 선물 | 명절·연말·생일·어버이날에는 한우, 카네이션, 기프트카드 등 다양한 선물을 나눕니다.


[구성원 개개인의 성장을 돕습니다.]

• 역량향상 교육 | 직무·역량개발을 위한 교육이라면 얼마든지 지원합니다.
• 외국어 교육 | 직원들의 외국어 능력 신장을 위해 외국어 교육을 지원합니다.
• 도서 구매 | 빗썸 직원이라면 업무에 필요한 도서를 무제한 구매할 수 있습니다.
• 사내 도서관 운영 | 매월 신간이 30권씩 입고되는 사내 도서관을 운영합니다. 


[본인과 가족들의 건강 걱정을 덜어드리고 퀄리티 높은 휴식을 보장합니다.]

• 건강검진 | 본인·배우자·자녀·부모님에게 프리미엄 건강검진을 제공합니다. 한방특화 검진도 가능합니다.
• 단체상해보험 | 임직원들의 병원비 부담을 덜어내는 단체상해보험 가입을 지원합니다.
• 사내 동호회 활동 지원 | 빗썸의 다양한 사내 동호회를 인당 2개까지 가입할 수 있습니다.
• 리조트·콘도 지원 | 아난티·소노인터내셔널 등 국내 유명 휴양콘도 숙박을 지원합니다.","[채용절차]

• 서류전형 ＞1차 인터뷰 ＞ 2차 인터뷰 ＞ 최종합격

• 본 공고는 수시채용으로 진행되며, 채용 완료 시 조기에 마감될 수 있습니다.
• 서류전형 결과에 따라 Pre-Test(전화 인터뷰 또는 온라인 테스트)가 진행될 수 있습니다.
• 채용절차는 일정과 상황에 따라 사전 안내 후 변경될 수 있으며, 각 전형의 결과는 개별적으로 안내하여 드립니다.
• 입사 후 3개월의 수습기간을 적용하며, 평가 결과에 따라 수습기간이 연장되거나 채용이 취소될 수 있습니다.
• 지원서에 기재된 내용 중 허위 사실이 발견될 경우 채용이 취소될 수 있습니다.
• 국가 유공자 · 장애인 등 취업보호대상자는 관계법령에 따라 우대합니다.
• 당사 보안정책으로 인해 Notion 접근이 불가합니다. 포트폴리오를 Notion으로 제작한 경우에는 PDF 형식의 파일로 다운로드 받아 별도로 첨부 바랍니다.","유망산업, 사내동호회, 커피·스낵바, 대출지원, 식대지원, 어린이돌봄, 건강검진지원, 복지포인트, 연봉상위1%, 301~1,000명, AI 선도 기업, 인원 급성장, 설립10년이상",상시채용,"신속 간결한 스타일, 과정 중심 질문, 천천히 기다려준 편, 캐주얼/편한 분위기",서울 강남구,빗썸코리아
말레이시아법인 재무팀 (CJ Century),"CJ대한통운은 글로벌 리딩 100년 기업으로의 도약을 목표로 성장하고 있는 종합 물류기업 입니다.
물류산업의 패러다임 혁신을 주도하는 CJ대한통운과 함께 고객에게 최고의 서비스를 제공할 역량있고 열정적인 분들을 모십니다.","• 재무 보고서 작성(주간/ 월간/ 분기/ 연간 재무보고서 작성 및 분석), 
• 예산관리(예산 계획수립, 각 부서의 예산 사용을 모니터링하고 초과나 부족 상황 분석/ 보고) 
• 계정 관리 및 회계 처리(금융거래 기록관리, 계정관리, 월말/ 연말 결산 작업)
• 재무 Risk 발굴 및 관리 활동","• 재무 및 경영관리 경력 3~8년 
• 영어 중상급 레벨 (말레이시아 현지인 소통 가능 수준)
• 현지 문화이해도 및 이문화 수용도","• 근무시간/계약형태 : 8시간/5일, 정규직
• 급여조건 : 4,300만원  ~ 5,400만원  ( 12,000   ~ 15,000 MYR )
• 기타 : 휴가 15일, 항공표 미지원, 기타 수당 지급","※ 채용 전형 절차 안내
채용 전형절차는 아래와 같이 진행되며, 최종 채용 결정은 모든 전형절차 완료 후 이루어집니다. 

지원서 접수 – 서류전형 – 인성검사/면접 – 채용검진, 평판조회, 학력/경력검증 - 처우협의
* 전형절차 및 일정은 상황에 따라 변동될 수 있습니다.",,"자기계발지원, 편의시설, 식대지원, 사내동호회, 의료비지원, 연봉상위1%, AI 선도 기업, 퇴사율6~10%, 1,001~10,000명, 설립10년이상",상시채용,"신속 간결한 스타일, 과정 중심 질문, 친절/따뜻한 스타일, 캐주얼/편한 분위기",서울 종로구,씨제이대한통운(CJ대한통운)
백오피스 담당,[하이컨시] 자산운용 신규 법인 백오피스 채용 (경력),"자산운용 신규 법인 백오피스 담당 (경영지원)
• 신규 법인 설립 및 관리 업무 전반
• 펀드 운용 및 수익자 보고 외 기타 행정업무
• 부동산(PF/실물) 관련 투자보고서 작성 및 투자약정 체결 제반업무","학력 : 대졸 이상
경력 : 관련 경력 5 ~ 10년 이상
• 신규 법인 경영지원 경력 필수
• MS Office 활용 능력 우수자
• 업무에 대한 책임감이 높고 긍정적인 사람
• 팀운영을 원칙으로, 동료에 대한 배려심과 팀워크가 가능한 인재","• 투자자산운용사 등 관련 금융 전문 자격 소지자 우대
• 자산운용사 근무 경력자 우대","• 각종 경조사 지원
• 건강검진 지원
• 장기 근속 포상 제공
• 생일 상품권 지급 + 생일 반차 제공
• 육아 교육비 + 자녀학자금 지원","서류 전형 ＞ 컬처핏 테스트 ＞ 면접 전형 ＞ 최종 합격
• 필요 시, 2차 면접이 진행될 수 있습니다.
• 근무 형태 : 정규직(수습기간 3개월, 필요 시 3개월 추가 진행)
• 자산운용법인이 신설된 이후 신설 법인으로 이동할 수 있음.","자기계발지원, 연봉상위11~20%, 301~1,000명, 설립4~9년, 건강검진지원, 인원 급성장",상시채용,"신속 간결한 스타일, 과정 중심 질문, 진중/칼같은 스타일, 자유롭고 편한 환경",서울 강남구,하이컨시
여신 사후관리 운영 Specialist,"[합류하게 될 팀에 대해 알려드려요]
• 토스뱅크 여신 사후관리 운영 Specialist는 Due Control Squad(연체솔루션스쿼드) 소속이에요.
• Due Control Squad는 토스뱅크의 여신 상품의 사후관리 업무를 담당하고 있으며, 연체 채권에 대한 추심업무, 대위변제, 법적절차 진행, 매각/상각 등 부실채권 관리를 담당하고 있어요.
• Due Control Squad 팀원들은 프론트엔드개발, 서버개발, 코어뱅킹 개발, 디자이너, Collection Manager, Product Owner 등 다양한 업무 담당자들이 One Team을 이루고 있어, 대출 채권의 부실 방지 및 연체 관리라는 공통의 목표를 위해 신속하고 효율적인 의사결정을 하고, 프로세스 개선 등의 성과를 만들어내고 있어요.

[꼭! 확인해주세요]
• 계약직 채용이며, 계약 기간은 1년이에요.
• 최초 계약직 포지션으로 근무 후, 내부 상황과 평가에 따라 계약 연장/종료 검토가 진행될 예정이에요.
• 계약연봉은 3,500만원이에요. (상/하반기 인센티브와 현금성 복리후생은 별도로 지급해요.)","• 사고 통지 및 정상화, 재산조사, 채권보전조치, 이행청구 처리 등 대위변제 관련 운영 업무를 담당해요.
• 외부 보증기관, 금융기관 등 대외 기관과의 커뮤니케이션을 진행하며 필요한 정보를 확인&수집해요.
• 연체 사후관리 관련 서류 전반을 관리해요.
• 그 외 팀에서 필요한 부수적인 업무 요청사항을 지원해요.","• 1년 이상 여신 대위변제 관련 운영 업무를 경험해 보신 분이 필요해요.
• 여/수신 관련 은행 상품 혹은 금융 상품에 대한 기본적인 이해도가 필요해요.
• 반복적인 업무일지라도 Self-Motivation을 통해 주도적으로 업무를 수행하실 수 있는 열정과 끈기를 갖춘 분이면 좋겠어요.
• 향후 여신 사후관리 업무에 대한 커리어 패스를 그리고 계신 분이라면 더 좋아요.","• 토스뱅크에 지원한 동기와 이루고 싶은 목표를 구체적으로 작성해 주시면 좋아요.
• 직면했던 가장 어려웠던 문제는 무엇이었으며, 어떤 방식으로 해결했는지 구체적으로 기술해주세요.
• 본인의 경험을 단순히 나열하기보다는, 지원한 포지션의 JD를 기준으로 한 경험에 대해 기재해 주시면 좋겠어요.","[이렇게 일해요]
• 자율과 책임의 문화: 토스는 Manager가 아닌 Maker들로 구성된 조직으로, 투명한 정보 공유와 수평적인 문화 속에서 구성원 업무에 대한 위임과 신뢰를 바탕으로 세상을 변화 시켜 나가고자 합니다.
• 효율적인 업무방식: 가장 중요하고, 큰 영향을 미칠 수 있는 일에 집중합니다. 획일적인 업무 프로세스보다는 데이터 기반의 사고로 적극적으로 토론하며, 가장 효율적인 문제 해결을 위해 협업하고 실행합니다.
• 훌륭한 팀과 동료: 각 분야 최고 수준의 역량을 갖춘 인재들이 자율과 책임의 원칙 아래 뛰어난 역량을 발휘하고 있습니다.

[이런 지원을 받아요]
1. 자율과 효율의 근무 환경을 제공합니다.
• 자율 출퇴근 제도
• 자율 휴가 / 재택근무

2. 회사의 성장에 함께 몰입할 수 있도록 지원합니다.
• 반기별 성과급 지급
• 업무 관련 비용 100% 지원
• 매월 통신비 및 체력단련비 지원
• 최고급 장비 및 소프트웨어 제공
• 명절 상여금 및 생일축하비
• 직장단체보험비(가족 포함) 및 경조사비
• 인재추천비 500만원

3. 먹고 마시는 것까지 회사가 책임집니다.
• 법인카드 전원 지급 (점심/저녁 식사비용, 야간교통비 등 100% 지원)
• 사내카페 커피 Silo 무료 이용
• 사내 편의점, 헤어살롱 등 복지시설 무료 이용",,"단체보험, 보너스, 커피·스낵바, 편의시설, 대출지원, 유급휴가, 연봉상위11~20%, 301~1,000명, 설립4~9년, AI 선도 기업, 금융업계, 인원 급성장, 누적투자100억이상",상시채용,"신속 간결한 스타일, 과정 중심 질문, 친절/따뜻한 스타일, 자유롭고 편한 환경",서울 강남구,토스뱅크
Quant Researcher,"주식회사 코어16은 연금 투자의 새로운 패러다임을 제시하는 혁신적인 투자 전략, 'SellSmart'를 연구 및 개발하는 금융/Quant 특화 알고리즘 개발 스타트업입니다. 코어16은 전통적인 '매수' 전략에 집중하는 대신, '매도'에 주목하여 성공적인 자산 관리를 위해 가장 중요한 요소는 ""언제, 어떻게 파느냐""라고 믿습니다. 이러한 차별화된 접근 방식을 통해 자산 가치를 극대화하고자 합니다.

빠르게 성장하는 연금 시장 속에서, 금융 공학과 다양한 기술적 방법론의 융합을 통해 코어16은 Market Changer로 자리매김할 것입니다. SellSmart 엔진을 개발하는 과정에서 AI Quant, Machine Learning, Histo-probability, Tech-Statistic, NLP 등 최신 기술들을 접목했으며, 이를 통해 시장에 혁신적 Impact를 제공하고자 끊임없는 연구와 개발을 이어가고 있습니다.

현재 SellSmart 전략을 기반으로 한 S&P500 ETF의 미국 상장을 준비 중이며, 이는 코어16이 한국을 넘어 글로벌 Top Tier Quant Investment Firm으로 도약하는 첫걸음이 될 것입니다.

주식회사 코어16은 글로벌 시장에서 함께 성장하며 성과를 공유할 열정과 역량을 갖춘 인재를 찾고 있습니다. 최고의 동료들과 함께 미래 금융 시장의 선두에서 혁신을 이끌어 갈 기회를 놓치지 마시길 바랍니다.","• 계량 방법론과 머신러닝/딥러닝을 활용한 자산 배분 포트폴리오 최적화
• 퀀트 투자 전략 개발, 백테스팅 및 성과 분석
• 금융 데이터의 분석 및 검증
• 국내주식, 해외주식 팩터모델, 자산배분 모델 개발 
• 퀀트 운용/리서치 및 제반 업무","• 관련 경력 3년 이상
• 글로벌 금융 시장, 투자산업 및 금융 데이터에 대한 이해
• 프로그래밍 언어(Python 등) 사용 능력
• 계량 방법론을 이용한 알고리즘 자산배분 또는 트레이딩에 대한 이해","• 자산배분 전략 모델링 경험
• Quant 기반 수익률 분석 경험
• 증권사, 운용사 등 금융권 유관 업무 경험","• 고용형태: 정규직
• 사무실에 다양한 간식을 매달 구비해 놓고 있으며, 저녁까지 근무하시는 날에는 저녁 식사 비용을 지원
• 영어호칭제도 : 영어 호칭제를 통한 수평문화, 상호존중 커뮤니케이션 지향",서류 전형 - 1차 면접 - 2차 면접 - 레퍼런스 체크(금융권 또는 학계 추천인) - 처우협의 & 입사일 조정,"Python, Excel",,,서울 성동구,코어16
[VegaX] 암호화폐 트레이더,"Konstellation(콘스텔레이션)은 숙련된 투자자와 신규 투자자 모두에게 DeFi 및 암호화폐 시장에서 다양한 투자 기회를 제공하는 것을 목표로 설립된 조직입니다. 같은 이름의 블록체인인 Konstellation Network 개발 및 관련 생태계 조성을 통해 금융 서비스에 특화된 서비스들을 개발하고 있습니다.

콘스텔레이션 생태계 이니셔티브와 관련된 대표적인 프로젝트로는 글로벌 디지털 자산 관리 플랫폼인 VegaX(베가엑스)가 있습니다.

------------
VegaX(베가엑스)는 가상자산 시장에 대한 전문성과 기술력을 바탕으로 가상자산과 관련한 다양한 투자 기회를 제공하는 기업입니다. 투자가 생소한 개인 투자자부터 전문 투자자까지 다양한 투자 목적에 적합한 상품과 솔루션을 제공합니다.

VegaX의 모든 투자 결정은 데이터를 기반으로 정량화된 평가 지표를 통해 이루어집니다. 이를 위해 VegaX는 가상자산의 가격과 시장의 평가를 읽기 위한 다양한 종류의 데이터를 수집하고 가공합니다. 또한 이렇게 가공된 데이터를 기반으로 투자 목적에 맞는 전략을 디자인하고 수행합니다.

우리가 해결하고자 하는 문제에는 미리 알려져 있는 정답이 없기에, VegaX의 팀원들은 문제 해결에 초점을 맞추고 치열하게 고민하고 소통하며 업계의 새로운 기준을 만들어가고 있습니다.","• 암호화폐 거래소에서 실시간 매매 및 시세 분석
• 시장 동향 모니터링 및 전략적 매매 기회 포착
• 리스크 관리 및 포트폴리오 최적화
• 트레이딩 관련 보고서 작성 및 성과 분석
• 최신 트렌드 및 규제 사항에 대한 업데이트","• 트레이딩 경험 2년 이상 (암호화폐 트레이딩 경험 우대)
• 암호화폐 및 블록체인 기술에 대한 이해
• 금융 시장 및 투자에 대한 전반적인 이해
• 데이터 분석 및 문제 해결 능력
• 빠르고 정확한 판단력
• 협업 능력 및 커뮤니케이션 스킬","아래 중 하나라도 해당사항이 있으면 좋습니다. 우대사항이니 해당이 안되더라도 부담없이 지원해주세요.

• 고빈도 트레이딩(HFT) 운영 경험
• API 사용 및 트레이딩 봇 운용 경험
• 알고리즘 트레이딩 전략 개발 경험(Python, R 등 프로그래밍 언어 사용)
• 거래 자동화 및 백테스팅 경험
• 암호화폐 관련 자격증 보유
• 영어 의사소통 가능","• 9 am-6 pm 또는 10 am-7 pm로 유연한 근무시간 (점심시간 한시간 포함)
• 커피, 음료, 시리얼 무한
• 업무용 장비 제공
• 자유 복장",서류전형 - 1차 인터뷰(경력 중심) - 2차 인터뷰(컬처핏) - 처우 및 입사일정 협의,"Python, R",,,서울 용산구,콘스텔레이션코리아
재무회계(자금) 담당자,"“즐거운 미식생활의 시작, 캐치테이블”

캐치테이블은 많은 사람들이 간편하고 즐거운 미식생활을 누릴 수 있도록 외식업 전문 통합 플랫폼 ‘캐치테이블’을 운영하며 ‘외식 시장의 전 여정’을 디지털화 하는데 앞장서고 있습니다.

국내 레스토랑 예약시장 1위뿐 아니라, 2022년 12월 실시간 대기 서비스 ‘캐치테이블 웨이팅’ 오픈, 2023년 2월과 3월에는 외식업 전용 매장관리 솔루션 ‘캐치테이블 포스’와 ‘캐치테이블 픽업’서비스를 차례로 선보이며 외식업계 전반을 아우르는 외식업 전문 통합 솔루션으로 자리매김하며 성장하고 있습니다.

캐치테이블은 2018년 B2B 매장용 솔루션 론칭으로 시작했습니다. 이후 수년 간의 노하우를 바탕으로 지금의 캐치테이블 B2C 예약앱이 탄생하며 점주와 고객 모두에게 도움이 되는 서비스로 자리잡았습니다. 이후 도전을 멈추지 않고 외식업계의 전 여정을 함께하기 위해 혁신을 이어가고 있습니다.

외식 시장의 모든 것을 캐치테이블 브랜드 하나로 해결할 수 있는 세상,
외식업 통합 플랫폼 생태계를 향해 나아가는 캐치테이블의 앞으로의 여정에 지금 바로 합류하세요.","• 매입 비용 검토
• 자금 관리 및 운용
• 자금 계획 수립 및 보고
• 자금 프로세스 고도화
• 월 결산 및 계정명세서 작성","• 자금/재무회계 경력 5년 이상인 분
• 주도적으로 업무를 개선하고 실행하는 분
• 유관 부서와 유연한 커뮤니케이션이 가능한 분","• 더존(i-Cube) 사용 가능자
• 플랫폼 서비스(또는 관련업종) 유경험자","[당신의 성장이 곧 캐치테이블의 성장]
- 독서모임을 위한 도서 및 직무 관련 도서, 세미나, 컨퍼런스 등 교육비 전액 지원
- 미식생활을 즐기는 자가 미식문화를 선도할 수 있음에 연간 캐치포인트 100만원 지원
- 장기근속 포상 휴가 및 휴가비 지원 (3년: 5일, 100만원 / 5년: 10일, 300만원 / 10년: 20일, 500만원)

[일에만 집중할 수 있도록]
- 추가근무수당(1시간당 15,000원) 및 택시비(오후 11시 퇴근 경우) 지원
- 점심 식사, 추가 근무의 경우 저녁 식사 지원
- 다양한 음료와 간식, 커피 무제한 제공
- 최고사양 IT 자산 지급
- 넓은 오피스 및 편한 인프라 환경을 갖춘 판교 유스페이스 입주사
- 선택적 근로시간제 운영(8~10시, 1시간 단위 출근시간 선택)
- 정밀 건강 검진 2년에 1회 제공
- 마음 건강 검진, 연간 3회 심리상담 지원
- 복지를 편하게 이용하기 위한 개별 법인카드 지급

[소통&소통]
- 매월 랜덤으로 짝지어 점심 먹는 ‘랜덤 런치 데이’
- 회사의 비전, 팀의 목표, 향후 계획 등을 CEO가 직접 공유하는 ‘Monthly Growth Meeting’
- 평가가 아닌 오직 개인의 성장에만 집중한 'Monthly Feedback Meeting'

[기념일도 함께하는 캐치테이블]
- 생일 케이크, 생일 반차 및 상품권 지급
- 명절(설날, 추석) 반차 및 상품권 지급",• 서류 접수 ＞ 1차 인터뷰 ＞ 2차 인터뷰 ＞ 레퍼런스 체크 ＞ 처우 협의 ＞ 최종 합격 및 입사,"커피·스낵바, 휴가비, 자기계발지원, 건강검진지원, 연봉상위11~20%, 51~300명, 설립4~9년, 아시아·태평양 고성장, 누적투자100억이상, AI 선도 기업, 인원 급성장, 경기도 우수 중소기업",상시채용,"신속 간결한 스타일, 과정 중심 질문, 친절/따뜻한 스타일, 자유롭고 편한 환경",경기 성남시,와드(캐치테이블)
재무팀 자금 담당자 (1년 계약직),"Levvels(레벨스)는 전세계 최고의 디지털 자산 기술을 가지고 있는 업비트를 운영하고 있는 두나무의 신규 글로벌 자회사로, 다양한 서비스를 같이 만들어갈 인재를 찾고 있습니다.
초기사업을 함께 준비하면서 나아가 글로벌 NFT 시장을 선도하는 기업을 함께 만들어가실 열정적인 분을 모십니다.

• 본 채용은 수시 채용으로 채용 완료 시 조기에 마감될 수 있습니다.
• 지원서 내용 중 허위사실이 있는 경우에는 지원이 취소될 수 있습니다.
• 국가 유공자 및 장애인 등 취업 보호 대상자는 관계 법령에 따라 우대합니다.
• 본 포지션에 합격하시는 경우, 3개월의 수습기간을 적용합니다.
• 계약기간은 1년이며, 입사 후 근무 평가에 따라 계약 연장 혹은 정규직 전환이 가능합니다.
• 주민번호, 연봉정보 등의 민감 개인정보는 삭제 또는 마스킹 후 제출해 주시기 바랍니다.","• 해외본사 및 지점 자금관리
    - 자금 지출 스케줄 관리
    - 입출금 오퍼레이션 담당
• 법인카드 관리
• 외국환 거래 신고 및 금융기관 관리 업무
• 플랫폼 정산 데이터 정합성 검토 및 지출 관리
• 기타 재무 보조업무",• 자금 오퍼레이션 경력 1-2년,"• IT 산업군에서의 자금/재무 경험이 있으신 분
• 영어 커뮤니케이션 (Verbal & Written) 이 능통하신 분","• 최고의 성과를 위한 최고의 업무 환경을 제공합니다.
 - 점심 식대 월 30만원 지원
 - 야근 시 식대 지원
 - 음료 및 과자 상시 비치
 - 강남역 1번 출구에서 도보 2분 거리 초역세권 근무지
 - 명절 선물 지급",서류 검토＞1차 실무진면접＞2차 임원면접＞처우 협의＞최종 합격,"유망산업, 51~300명, 커피·스낵바, 식대지원, 건강검진지원, 복지포인트, 연봉상위6~10%, 설립3년이하",상시채용,,서울 강남구,레벨스
Data 분석가(경영정보),"당사는 2022년 11월 에스트래픽에서 물적분할 후 설립된 전기차 충전 전문 업체로 현재 SK 계열사입니다.
전기차는 글로벌 ESG 및 탄소배출절감 Trend와 함께 지속적으로 증가하고 있으며, 이러한 시장의 변화에 맞춰 당사는 전기차의 시대를 맞이하기 위한 충전 인프라를 만들어 나가고 있습니다.

현재 전국 약 1,650여개의 민간 최다 급속 충전기 등을 운영 중이며, 다수의 공공/ 민간과의 파트너십을 기반으로 지속적으로 충전 N/W 확장을 통해 국내 전기차 충전 업체 1위를 목표하고 있으며, 그와 함께 자체 관제시스템 및 플랫폼, 유무선 충전 시스템 등 Tech Leadership을 확보하여 타 업체 대비 기술 경쟁력을 보유하고 있습니다.

향후에는 전기차 충전 사업을 기반으로 향후 V2G (Vehicle To Grid), VPP (Virtual Power Plant) 등 전력 연계 사업과 자체 플랫폼을 구축하여 MPS (Mobility Service Provider)로 사업을 확장하여 전기차와 관련된 폭넓은 Biz Portfolio를 만들어 나갈 계획입니다.

이러한 목표를 이루기 위해 당사는 2022년 12월 ㈜SK네트웍스와 홍콩계 사모펀드 (PE) ‘앵커에쿼티파트너스’의 투자를 유치하며 재무적 지원 뿐만 아니라 대기업과 사모펀드의 경영 노하우를 공유 하게 되었습니다. 현재는 ㈜SK네트웍스를 대주주로 두고 있으며, ‘23년 1분기 내 SK 계열편입 및 SK 브랜드 적용이 (SK로 사명 변경) 완료되어 명실공히 SK를 대표하는 전기차 충전 회사가 되고자 합니다.","• 매출 및 비용 등 Data 정제, 가공, 분석 및 시각화
• 분석 결과 기반의 인사이트 및 개선점 도출 
• Data에 기반한 비즈니스 의사결정 지","• 경력 3년 이상
• 4년제 졸 이상
• SQL 등을 활용한 데이터 추출 역량
• Phython 등 데이터 분석 Tool 경험
• 재무 계정들에 대한 기본적인 이해가 있는 자
• 특정 Event (가격 변동 등)의 효과에 대한 통계적 모델링 경험","• 통계, 컴퓨터공학, 상경계열 졸업자
• 원활한 커뮤니케이션 가능한자
• 전기자동차 충전기 운영사 (CPO) 경력자","• 4대보험 / 경조사 휴가 / 중식, 석식 식권 제공
• 개인연금, 어학비,  경조금 지원",,"복지포인트, 식대지원, 연봉상위2~5%, 51~300명, AI 선도 기업, 설립3년이하, 인원 급성장",2024.10.31,"세심한 스타일, 과정 중심 질문, 친절/따뜻한 스타일, 자유롭고 편한 환경",서울 송파구,에스케이일렉링크
Risk Manager (Risk Component),"[ 합류하게 될 팀에 대해 알려드려요 ]
• 토스뱅크 Risk Division은 신용위험관리, 신용평가모형, 신용전략, 위험관리, 위험감리 등 각 전문영역에서 고유한 리스크 관리 조직으로 구성되어 있어요.
• Risk Manager는 신용위험관리팀에 소속되어 여신 상품에서 발생하는 모든 신용리스크에 대해 유관 부서와 협업하고 있어요.","[ 합류하면 함께 할 업무에요 ]
• 규제 및 내부 목적용 Risk Component를 추정해요.
• Risk Component에 대한 사후검증을 하고 있어요.
• RC 적용/변경에 따른 영향도 분석을 수행해요. (RWA, IFRS9, 내부자본)
• 추정을 위한 기초 데이터 (부도 및 회수)를 정의하고 관리해요.","[ 이런 분과 함께하고 싶어요 ]
• 소매(가계, SOHO)에 대한 PD 추정 및 운영 경험이 필요해요.
• 은행 여신 상품과 신용리스크 관리에 대한 이해도가 필요해요.
• SQL 및 SAS, Python, R 등 통계 Tool을 이용한 데이터 분석에 능숙해야 해요.
• 은행에서 RC 담당 업무 경험을 가지고 계신 분이면 더욱 좋아요.
• 내부등급법 승인 경험을 가지고 계시거나, 은행 여신 상품에 대한 이해가 높은 분이면 좋아요.","[ 이력서는 이렇게 작성하시는 걸 추천해요 ]
• 기존 회사에서 해왔던 업무를 시계열로 작성하기 보다는, 지원한 팀의 JD 기준으로 경험에 대한 내용을 기술해 주면 좋아요.
• 해왔던 업무의 나열 및 성과도 중요하지만, 그 업무를 시작하게 된 배경 및 궁극적인 목적이 궁금해요.
• 업무의 실패(예상했던 것보다 성과 및 측정이 달랐던 부분 등) 사례에 대한 원인과 회고를 기술해주는 것도 좋은 포인트에요.","• 자율과 책임의 문화: 토스뱅크는 Manager가 아닌 Maker들로 구성된 조직으로, 투명한 정보 공유와 수평적인 문화 속에서 구성원 업무에 대한 위임과 신뢰를 바탕으로 세상을 변화 시켜 나가고자 합니다.
• 효율적인 업무방식: 토스뱅크는 가장 중요하고, 큰 영향을 미칠 수 있는 일에 집중합니다. 획일적인 업무 프로세스보다는 데이터 기반의 사고로 적극적으로 토론하며, 가장 효율적인 문제 해결을 위해 협업하고 실행합니다.
• 훌륭한 팀과 동료: 토스뱅크는 각 분야 최고 수준의 역량을 갖춘 인재들이 자율과 책임의 원칙 아래 뛰어난 역량을 발휘하고 있습니다.

1. 자율과 효율의 근무 환경을 제공합니다.
• 자율 출퇴근 제도
• 무제한 휴가 / 재택근무
• 근속 3년마다 리프레시 유급 휴가 1개월
• Early Friday & 겨울방학 진행

2. 업무와 성장에 몰두할 수 있게끔 지원합니다.
• 비포괄임금제 운영
• 주택자금 이자 지원
• 업무 관련 비용 100% 지원
• 최고급 장비 및 소프트웨어 제공
• 반기별 성과급 지급
• 매월 통신비 및 체력단련비 지원
• 명절 상여금 및 생일축하비
• 직장단체보험비(가족 포함) 및 경조사비
• 인재추천비 500만원

3. 먹고 마시는 것까지 회사가 책임집니다.
• 법인카드 전원 지급 (점심/저녁 식사비용, 야간교통비 등 100% 지원)
• 사내카페 커피 Silo 무료 이용
• 사내 편의점, 헤어살롱 등 복지시설 무료 이용",,"단체보험, 보너스, 커피·스낵바, 편의시설, 대출지원, 유급휴가, 연봉상위11~20%, 301~1,000명, 설립4~9년, AI 선도 기업, 금융업계, 인원 급성장, 누적투자100억이상, 재택근무, 통신비",상시채용,"신속 간결한 스타일, 과정 중심 질문, 친절/따뜻한 스타일, 자유롭고 편한 환경",서울 강남구,토스뱅크
주택담보대출 심사 담당자(1년 계약직),"맞서지 못할 만큼 거대한 문제는 없다고 믿습니다.

대한민국 국민의 절반은 중저신용자, 이들은 70%의 확률로 은행 대출을 거절당한다는 사실을 아시나요? 상환 능력과 의지가 충분한 사람조차도 신용 관리 방법을 모르거나, 저평가로 인해 은행의 문턱을 넘지 못합니다.

PFCT는 혁신적인 사고와 기술력으로 보통 사람의 금융생활을 더 합리적이고 가치있게 합니다.
- 합리적인 중금리 대출을 제공하고 중수익, 중위험 투자 상품으로 자산 증대를 지원하는 ‘피플펀드’
- 건강한 금융 활동을 위한 개인의 신용관리를 돕는 ‘크레딧플래닛’
- 금융기관의 리스크 관리를 고도화해 더 좋은 조건의 금융 상품을 함께 만드는 ‘에어팩’

“No. 1 PFC Technologies”
- [업계 1위] 온라인투자연계금융 ‘피플펀드’ 서비스는 업계 1위이며, 특히 주택담보대출 시장에서는 차순위 경쟁사의 약 3배에 달하는 대출잔액을 보유하고 있습니다. (’23.12)
- [튼튼한 파트너십] 비은행권 최고의 AI 신용평가 기술을 활용해 롯데카드, 전북은행 등 국내 금융기관에 AI 기반의 신용리스크 솔루션 '에어팩'을 제공하고 있습니다.
- [1,000억 투자] 베인캐피탈을 비롯한 국내외 유수의 투자사로부터 누적 1,338억 원을 유치했습니다. (’24.2)
- [글로벌 인정] 2022년, 포브스가 선정한 ‘아시아 100대 유망기업’에 선정되었으며, 'AWS Gameday’에서 우승해 아마존웹서비스(AWS)의 금융권 머신러닝 경진대회에서 타 금융기관을 제치고 기술력을 인정받았습니다.

‘보통 사람을 위한 보통이 아닌 금융’을 만드는 여정에 함께할 동료를 기다립니다.","• 기존 금융의 틀에 박힌 평가기준과 규제로 대출이 거절된 사람들에게 합리적인 조건의 금융을 공급하는 피플펀드 서비스에서 심사 업무를 담당합니다.
• 데이터를 기반으로 담보의 적정 가치를 산출하고, 적절한 대출 한도 및 조건에 대한 결정을 내립니다.
• 나아가서는, 리스크에 대한 회사의 든든한 최후 방어선의 역할을 수행합니다.","• 3년 이상의 금융사 주택담보대출 심사 경력을 보유한 분
• 맡은 일에 대해 강한 주인의식을 가지고, 완결성 있게 업무를 수행할 수 있는 분
• 업무 프로세스 개선을 위해 의견을 적극적으로 제시할 수 있는 분
• 유연한 사고와 능동적인 자세를 가진 분","• 온라인투자금융업에 대한 이해도를 가진 분
• 주택담보대출 상품 기획 경험이 있는 분
• 엑셀, 구글 스프레드시트 등 OA 활용 능력을 보유한 분","[Support & Refresh]
• 시차출퇴근제를 운영하고 있어 출근시간을 유연하게 조정할 수 있어요.
• 점심 시간은 자유롭게 지정해서 사용할 수 있어요.
• 밤 11시 이후 퇴근 시 야근 택시비를 전액 지원해요.
• 근속 3년마다 피플러의 재충전을 위해 리프레시 휴가를 제공해요.
• 안마의자, 게이밍 공간 등 휴식을 위한 다양한 공간이 준비되어 있어요.
• 의자계의 에르메스, 사무용 의자의 끝판왕이라 불리는 허먼밀러 의자를 구비했어요.

[Healthy to be Wealthy]
• 점심 식대 12,000원, 야근 시 저녁 식대 12,000원을 지급해요.
• 그래놀라, 견과류, 탄산수, 우유 등 맛있는 간식을 상시 비치해요.
• 다양하고 맛있는 간식을 스낵존에 상시 비치해요.
• 매주 수요일 오후는 ‘해피아워’로, 맛있는 간식을 랜덤으로 제공해요.
• 피플러와 가족의 건강 관리를 위해 연 1회 종합건강검진을 전액/할인 지원해요.
  
[Family-Oriented]
• 가족에게 중요한 일이 생기면, 유연·단축 근무를 활용할 수 있어요.
• 생일을 맞은 피플러에게 유급 반차와 상품권을 선물로 드려요.
• 결혼 시 유급 휴가 2주, 축하금, 축하 화환을 지급해요.
• 경조사 종류에 따라 유급 휴가 및 경조금, 화환을 제공해요.
• 설, 추석 명절 각각에 상품권을 선물로 드려요.
• 본인 및 배우자 출산 시 유급 휴가, 재택 근무 등이 가능해요.
  
[Good Time with Good People]
• 2주에 한 번 랜덤으로 모여 서로를 알아가는 점심 식사를 해요.
• 신규 입사자를 위한 짝꿍(buddy)을 매칭해주고, 안정적인 적응을 돕고 있어요.
• 팀 빌딩을 위한 회식비를 지원해요.
• 취미를 함께 즐길 수 있도록 사내 동호회 활동을 지원해요.
  
[Growth for Next Step]
• 무제한 도서 지원 제도를 운영해요.
• 신규입사자들이 PFCT에 대해 더 깊이 알 수 있도록 NJT(New Joiner Training)를 진행해요.
• 업무와 밀접한 연관이 있는 외부 교육 참여와 강사 초청을 지원해요.
• 피플러가 가진 다양한 스킬 및 재능을 공유하는 사내 클래스를 운영해요.",,"편의시설, 유급휴가, 식대지원, 건강검진지원, 사내동호회, 커피·스낵바, 51~300명, 설립4~9년, 누적투자100억이상, 유연근무",상시채용,"신속 간결한 스타일, 결과 중심 질문, 천천히 기다려준 편, 자유롭고 편한 환경",서울 서초구,피에프씨테크놀로지스
블록체인 오퍼레이션 매니저,"코빗은 2013년 7월 대한민국 최초로 설립된 가상자산 거래소입니다. 설립 후 코빗은 핀테크 기술력을 인정받아 소프트뱅크, 판테라 등 세계 유수 펀드로부터 투자를 유치했으며 2017년에는 글로벌 게임 기업 넥슨(NEXON)의 지주회사인 NXC 에 인수됐습니다. 현재 은행 실명확인 계좌 거래가 가능한 국내 5대 거래소 중 하나이며 코빗은 국내 유일 신한은행 실명확인 계좌를 통한 원화(KRW) 입출금 거래가 가능합니다. 특히 특정금융정보법 시행 이후 코빗은 2021년 10월 금융위원회 산하 금융정보분석원(FIU)으로부터 가상자산사업자 신고 수리를 인가받으면서 국내 2호 가상자산사업자가 됐습니다. 2021년 11월 SK 스퀘어로부터 900억 원 규모의 투자를 유치해 새로운 성장 동력을 확보하며 국내 최고 수준의 가상자산 거래소로 발돋움하고 있습니다.","• 가상자산 지갑 생성 및 관리, 지갑 운영을 위한 정책 수립 및 검토 업무를 수행합니다.
• 가상자산 지갑 잔고를 모니터링하고, 오류나 예외사항은 없는지 확인합니다.
• 가상자산 입출금과 관련해 발생하는 이슈를 파악하고, 문제를 해결합니다","• 신입 또는 5년 이하 경력
• 숫자와 디테일에 강하고 꼼꼼한 분이어야 합니다.
• 영어 Documentation에 거부감이 없으신 분이어야 합니다.
• 경영/재무/회계 관련 학위가 있으신 분이면 좋습니다.
• 금융 회사 경험이 있으신 분이면 좋습니다.
• 스프레드 시트 작업에 능숙한 분이면 좋습니다.
• 블록체인과 암호화폐 거래소에 대한 관심과 기본적인 이해가 있는 분이면 좋습니다.
• SQL을 잘 다루시는 분이면 좋습니다.
• 주어진 매뉴얼을 기대하고 따라하기보다는 스스로 문제를 파악, 정의하고 해결하는 것을 좋아하시는 분이면 좋습니다.
• 새로운 것에 대한 두려움과 거부감보다는 흥미와 도전정신을 가진 분이면 좋습니다.","[최고의 환경에서 몰입하는 코빗]
• 강남역 12번 출구 도보 3분 
• 매월 2주 금요일 리프레쉬를 위한 조기퇴근
• 컵라면부터 아이스크림까지 다 있는 스낵부스 
• 자유로운 근무 복장 
• 늦은시간까지 업무하는 코빗인을 위한 야근 식대 + 택시비 지원 

[코빗의 건강한 생활]
• 수도권 6개 대형병원 건강검진 지원
• 든든한 단체상해보험 가입
• 최신형 안마의자 비치

[함께 하는 코빗의 성장]
• 우수한 동료 영입시 추천보상금 퇴사시까지 평생 지원 
• 최고 사양의 맥북프로 
• 27인치 BenQ 모니터 
• 매월 타운홀 미팅을 통한 비즈니스 업데이트와 Q&A시간

[코확행 : 코빗이 주는 확실한 행복 ] 
• 연 200만원의 복지카드 
• 연 5일의 보너스 휴가 
• 사내대출 이자지원
• 3,6,9년마다 리프레시 휴가와 휴가비 지원
• 삼성전자 복지몰 무제한 이용 
• 회사 제휴 리조트 , 호텔 할인 
• 풍족한 명절 선물 
• 생일날 조기퇴근
• 임직원 쏘카 제휴 할인
• 각종 경조사 지원
• NEXON Company 복지
    - 자녀 어린이집 지원
    - 매월 온라인 캐시 지급",서류전형 - 과제전형 - 통합면접  - 인성검사 - 처우협의 - 최종합격,,"장비지원, 어린이돌봄, 휴가비, 커피·스낵바, 건강검진지원, 편의시설, 식대지원, 대출지원, 보너스, 자기계발지원, 유망산업, 연봉상위2~5%, 51~300명, 설립10년이상, 누적투자100억이상, 유연근무",상시채용,"신속 간결한 스타일, 과정 중심 질문, 친절/따뜻한 스타일, 캐주얼/편한 분위기",서울 강남구,코빗(Korbit)
자회사 재무 담당자,"핏펫은 2017년 반려동물 건강검진 키트 '어헤드'로 사업을 시작하였으며, 반려동물 용품 구매, 동물병원 예약이 가능한 플랫폼으로 사업을 확장하여 국내 반려동물 업계를 리딩하고 있는 반려동물 토탈 헬스케어 플랫폼입니다.


현재 핏펫은 누적 900억원의 투자유치를 성공시켰으며, 연간 1천억원의 매출을 바라보는 미래 유니콘으로 성장해 나가고 있습니다. 더불어 최근 NH투자증권과 대표주관계약을 완료하여 IPO를 목표로 빠르게 성장하고 있습니다.

핏펫과 함께 최고의 결과를 만들어 낼 예비 핏펫터즈 여러분의 많은 지원을 기다립니다.


[ 채용 절차 ]
• 서류 접수 ＞ 1차 직무 인터뷰 ＞ 2차 컬처핏 인터뷰 ＞ 처우협의 ＞ 최종합격
• 필수 제출 서류 : 자유 양식의 이력서 또는 경력기술서 (PDF 형식 권장)
• 지원하는 포지션에 따라 레퍼런스 체크, 과제 또는 코딩 테스트 전형이 추가될 수 있습니다.
• 리더 포지션의 경우 추가 면접이 진행될 수 있습니다.


[ 지원 전 확인 사항 ]
• 본 포지션은 핏펫 자회사인 민트솔루션으로 파견 근무하는 포지션입니다.
• 근무는 샤인 동물병원(송파), 그레이스 동물병원(강남)에서 주로 하실 예정이며, 업무 상황에 따라 (주)핏펫 근무지로 출근 가능성이 있습니다.
• 본 포지션은 수시채용으로 채용 완료 시 마감될 수 있습니다.
• 3개월의 수습 기간이 있으며, 수습 기간 동안 급여는 100% 지급됩니다.
• 지원서 및 제출하신 서류에 허위 사실이 확인될 경우 입사가 취소될 수 있습니다.
• 서류 지원 시 출신 지역, 신체 정보, 가족 사항, 연봉 정보 등 직무와 관계없는 개인 정보는 제외 후 지원 바랍니다.


[ 자회사 소개 ]
핏펫의 자회사인 민트솔루션은 2022년에 설립된 동물병원 MSO - Management Service Organization (병원 경영 지원 서비스) 전문 기업입니다. 동물병원을 대상으로 경영, 운영지원 서비스를 제공하여 진료 효율 향상을 극대화하는 핵심 사업을 영위하고 있으며 반려동물 혈액검사센터, 동물용 의료기기 연구개발 등 바이오 연구 영역 사업 개발을 추진하고 있습니다.","• 핏펫 자회사의 회계결산(월, 분기, 연간) 및 실적보고를 진행합니다.
• 핏펫 자회사의 자금 집행, 차입금, 대여금, 계좌 관리 등 자금 전반을 관리 합니다.
• 별도 재무제표 작성을 서포트합니다.
• 파트너 동물병원의 월별 재무보고서를 작성합니다.
• 재무/세무 리스크 사전 관리 및 대응을 진행합니다.
• 전사적 재무회계 업무 프로세스를 정비/구축/실행합니다.
• 경영지원(규정, 주식 관리, IR/투자 실무 등) 업무를 수행합니다.","• 5년 이상의 재무/회계/결산/세무/경영지원 업무 경력을 보유하신 분
• 업무 효율화를 위한 시스템 기획 및 개발 경험이 있으신 분
• 외부 감사 및 실사 대응 경험이 있으신 분
• 도전을 두려워하지 않고, 결과에 집착할 수 있으신 분
• 커뮤니케이션이 능동적이고 원활하신 분","• 회계/인사 ERP 셋업 경험이 있으신 분
• 스타트업 또는 병원 경영지원 업종 근무 경력이 있으신 분
• 3인 이상의 팀 중간 관리 경험이 있으신 분","• 매월 첫 번째 금요일은 핏펫터즈 쉬는 날(놀금제도)로 운영합니다.
• 유연근무제(오전 9시 ~ 11시)를 운영합니다.
• 반반차 운영 및 졸업, 이사 휴가를 지원합니다.
• 최고 업무 환경을 제공합니다. (허먼밀러 의자 등)
• 편안하게 쉴 수 있는 휴식 공간 제공합니다. (안마의자 등)
• 식사는 든든하게, 건강한 중식을 제공합니다.
• 무제한 간식, 음료를 제공합니다.
• 경조사를 지원합니다. (경조휴가, 경조금, 경조물품 등)
• 출장, 외근, 야근 시 교통비를 지원합니다.
• 카쉐어링 서비스 직원 할인가에 제공합니다.
• 일정 비용 한도 내 직무 교육비를 지원합니다.
• 핏펫터즈 생일 축하 선물을 제공합니다.
• 핏펫터즈의 건강한 일상을 위해 매년 건강검진을 지원합니다.
• 핏펫터즈 전용 반려동물 유치원을 운영합니다.
• 반려가족 입양 지원 및 반려동물 장례비용을 지원합니다.
• 동물병원 진료비 할인 지원 및 핏펫몰 임직원 쿠폰을 제공합니다.",,재무 회계,,,서울 송파구,핏펫(Fitpet)
지표 관리/자금 운영/투자사 대응/재고 및 현장 관리,"온오프라인 푸드마켓 미스터아빠와 함께 고속 성장할 크루를 모집합니다.

초단기간 기업가치 300억 이상으로 도약하며 로컬기업에서 글로벌기업으로 JUMP-UP 중인 미스터아빠가 새로운 크루를 모십니다.","• 지표 관리: 주요 성과 지표를 설정하고, 이를 지속적으로 모니터링 및 분석하여 보고서 작성.
• 자금 운영: 자금 입출금 관리하고, 자금 계획을 수립 및 실행.
• 투자사 대응: 투자자와의 소통을 원활히 하고, 투자 관련 자료를 준비 및 보고.
• 재고 관리: ERP 프로그램을 토대로 재고수불부 작성 및 관리
• 현장 관리: 거제에 위치한 현장에서의 운영 및 관리 업무.","• 경력 3년 이상
• 엑셀 활용 능력 필수: 데이터 분석 및 보고서 작성에 능숙한 분.
• 관련 업무 경력: 지표 관리, 자금 운영, 투자사 대응, 재고 관리, 현장 관리 분야에서의 실무 경험이 있는 분.
• 팀워크 및 소통 능력: 신뢰할 수 있는 분, 긍정적인 마인드로 팀과 원활히 소통할 수 있는 분.
• 성격 및 성향: 밝고 긍정적인 성격을 가지신 분.
• 근무지 : 서울 광화문","• 해당 분야에서의 오랜 경력과 실무 능력을 갖춘 분.
• 현장 관리 경험이 풍부하신 분.
• 더존 프로그램 사용가능자, 해당 분야에서 오랜 경력과 실무 능력을 갖춘 분.
• 책임감 있고 가족같이 근무하실 근무자를 찾고 있습니다. 언제든지 지원해 주세요!","• 몰입과 성장을 위한 최적의 근무환경
• 주5일 근무, 연차, 경조휴가
• 탄력적 출퇴근 제도 (AM 9 to PM 6, AM 10 ~ PM 7)
• 최신 장비와 소프트웨어 지원
• 야근 택시비 지원
• 경조사비, 4대 보험","• 서류전형 ＞ 면접 ＞ 최종합격
• 제출 서류: 이력서 및 자기소개서, 경력 기술서 (해당되는 경우)
• 제출된 서류는 반환되지 않으며, 서류 심사 후 개별 연락드릴 예정입니다.
• 지원자는 채용 공고 내용을 숙지하고 지원해 주시기 바랍니다.","50명이하, 인원 급성장, 누적투자100억이상, 연봉 업계평균이상, 설립3년이하",상시채용,"여유 있는 속도감, 집중하기 좋은 환경",서울 종로구,미스터아빠
재무회계 담당자,"가장 좋아하는 아티스트를 눈앞에서, 그것도 1열 직관보다 더 가까이 볼 수 있다면 어떨까요?

AmazeVR은 이러한 상상을 현실로 만드는 VR 콘서트 제작 및 유통 플랫폼 기업입니다. 팬들은 VR 콘서트를 통해 그 어느 때보다도 아티스트를 가깝게 느끼고, 마치 눈앞에서 공연을 보는 듯한 현장감을 경험할 수 있습니다.

**보유기술**

AmazeVR은 2015년, 카카오 초기 핵심 인력들이 모여 미국 로스앤젤레스에 설립되었습니다. 이후 독자적인 VR 기술을 바탕으로 글로벌 선도 VR 기업으로 자리 잡았습니다. 우리의 하이퍼리얼 8K 실사 촬영 기술, 언리얼 엔진 기반의 VR VFX 파이프라인, AI 업스케일링, AI 리라이팅, AI 키잉 등의 독자적인 기술은 전 세계 팬들에게 놀라운 경험을 선사하고 있습니다.

**투자금**

지금까지 AmazeVR은 총 5,080만 달러(약 697억 원)의 투자를 유치했으며, 주요 투자사로는 미래에셋캐피탈, CJ ENM, LG테크놀로지벤처스, 스마일게이트인베스트먼트 등이 있습니다. 이러한 투자를 바탕으로 빠르게 성장하며 혁신적인 VR 경험을 개발해왔습니다.

**아티스트**

우리의 첫 번째 주요 프로젝트는 그래미상 3회 수상자인 메건 디 스탤리언(Megan Thee Stallion)과 함께한 'Enter Thee Hottiverse' VR 콘서트 투어로, 2022년 상반기에 미국 17개 주요 도시에서 성공적으로 진행되었습니다. 이 프로젝트는 VR 엔터테인먼트의 새로운 기준을 세웠습니다.

이후 2022년 7월, SM엔터테인먼트와 합작법인을 설립하여 에스파(aespa), EXO의 KAI와 같은 K-pop 아티스트의 VR 콘서트를 제작했으며, 이들은 서울 메가박스에서 처음 개봉되었습니다.

2024년에는 HYBE 산하 빅히트 뮤직과 협업하여 Tomorrow X Together의 첫 번째 VR 콘서트를 제작, 한국, 미국, 일본까지 확장하여 투어를 진행 중입니다.

AmazeVR은 K-pop 아티스트와의 협업을 통해 더 많은 글로벌 팬들이 아티스트와 더욱 가깝게 소통할 수 있는 뮤직 메타버스 플랫폼을 구축해 나가고 있습니다. 우리는 팬과 아티스트를 전혀 새로운 방식으로 연결하며, 엔터테인먼트의 새로운 시대를 열어가고 있습니다.

AmazeVR과 함께 혁신적인 미래를 만들어 갈 당신을 기다립니다. 더 많은 정보는 amazevr.com에서 확인하실 수 있습니다.","어메이즈브이알코리아에서 재무 및 회계 업무를 담당할 1년 계약직 인재를 찾습니다. 꼼꼼한 업무 처리 능력과 재무 지식을 갖추신 분들의 많은 지원 바랍니다.

담당 업무
• 한국법인 월단위 결산
• AR/AP
• 자금 출납 및 주간/월간 자금수지 작성
• 세무신고 (부가세, 원천세, 법인세 등)
• 관계사 공시 등 Compliance","• 더존/SAP 사용 가능자
• K-GAAP 기준 결산 경력 2년 이상","• 비즈니스 영어 소통 가능
• 상경 계열 전공자","• 2호선 선릉역 10번 출구 도보 3분거리 소재
• 카카오에서의 성공적인 창업경험을 보유한 경영진
• 전문성과 상호존중에 바탕해 치열하되 합리적으로 일하는 업무 문화
• 글로벌 탑 아티스트들 및 K-pop 아티스트들과 협업
• 점심 식대 제공 및 유연한 근무 제도
• 임직원 건강검진",서류전형 ＞ 실무 면접 ＞ 최종면접 ＞ 처우협의 ＞ 최종 합격 및 입사,"건강검진지원, 식대지원, 50명이하, 설립4~9년, 누적투자100억이상, 연봉상위6~10%",상시채용,,서울 강남구,어메이즈VR
컴플라이언스 매니저,"코빗은 2013년 7월 대한민국 최초로 설립된 가상자산 거래소입니다. 설립 후 코빗은 핀테크 기술력을 인정받아 소프트뱅크, 판테라 등 세계 유수 펀드로부터 투자를 유치했으며 2017년에는 글로벌 게임 기업 넥슨(NEXON)의 지주회사인 NXC 에 인수됐습니다. 현재 은행 실명확인 계좌 거래가 가능한 국내 5대 거래소 중 하나이며 코빗은 국내 유일 신한은행 실명확인 계좌를 통한 원화(KRW) 입출금 거래가 가능합니다. 특히 특정금융정보법 시행 이후 코빗은 2021년 10월 금융위원회 산하 금융정보분석원(FIU)으로부터 가상자산사업자 신고 수리를 인가받으면서 국내 2호 가상자산사업자가 됐습니다. 2021년 11월 SK 스퀘어로부터 900억 원 규모의 투자를 유치해 새로운 성장 동력을 확보하며 국내 최고 수준의 가상자산 거래소로 발돋움하고 있습니다.","• 사내 법규준수 현황 점검 등 준법감시체계 구축 및 운영
• 감독기관 보고 및 대관 업무
• 관련 법령 및 규제 준수를 위한 내규 제/개정",• 금융회사 or IT회사에서 5년 이하 관련 업무를 경험하신 분,"• 가상자산이용자보호법∙자본시장법 이해도가 높으신 분
• SQL 기반 데이터 추출 및 분석 능력이 뛰어나신 분","[최고의 환경에서 몰입하는 코빗]
• 강남역 12번 출구 도보 3분 
• 매월 2주 금요일 리프레쉬를 위한 조기퇴근
• 컵라면부터 아이스크림까지 다 있는 스낵부스 
• 자유로운 근무 복장 
• 늦은시간까지 업무하는 코빗인을 위한 야근 식대 + 택시비 지원 

[코빗의 건강한 생활]
• 수도권 6개 대형병원 건강검진 지원
• 든든한 단체상해보험 가입
• 최신형 안마의자 비치

[함께 하는 코빗의 성장]
• 우수한 동료 영입시 추천보상금 퇴사시까지 평생 지원 
• 최고 사양의 맥북프로 
• 27인치 BenQ 모니터 
• 매월 타운홀 미팅을 통한 비즈니스 업데이트와 Q&A시간

[코확행 : 코빗이 주는 확실한 행복 ] 
• 연 200만원의 복지카드 
• 연 5일의 보너스 휴가 
• 사내대출 이자지원
• 3,6,9년마다 리프레시 휴가와 휴가비 지원
• 삼성전자 복지몰 무제한 이용 
• 회사 제휴 리조트 , 호텔 할인 
• 풍족한 명절 선물 
• 생일날 조기퇴근
• 임직원 쏘카 제휴 할인
• 각종 경조사 지원
• NEXON Company 복지
    - 자녀 어린이집 지원
    - 매월 온라인 캐시 지급",,"장비지원, 어린이돌봄, 휴가비, 커피·스낵바, 건강검진지원, 편의시설, 식대지원, 대출지원, 보너스, 자기계발지원, 유망산업, 연봉상위2~5%, 51~300명, 설립10년이상, 누적투자100억이상, 유연근무",상시채용,"신속 간결한 스타일, 과정 중심 질문, 친절/따뜻한 스타일, 캐주얼/편한 분위기",서울 강남구,코빗(Korbit)
안심보상제 운영 Specialist,"[합류하게 될 팀에 대해 알려드려요]
• 금융사기대응팀은 전기통신금융사기를 방지하는 역할과 인터넷전문은행의 특성을 반영한 프로세스 개선, 오퍼레이팅 업무를 담당하고 있어요.
• Data 기반으로 관련 정책 수립, 개선방향 도출 및 대내외 보고서 작성을 담당하고 있어요.
• 은행권 최초로 시행한 ‘안심보상제’ 정책 수립, 운영 및 분석을 담당하고 있어요.
• 의심거래 모니터링팀(FDS)의 업무 방향과 기준을 정하는 역할을 함께하며 금융사기 대응과 예방역할을 병행해요.
• IT 개발자와 협업을 통해 오퍼레이션을 자동화하고, 업무의 디지털 트랜스포메이션을 이끌어가요.
• 일부 업무를 도급사에 위탁하며 교육, 모니터링 업무를 지원해요.

[꼭! 확인해주세요]
• 계약직 채용이며, 계약 기간은 1년이에요.
• 최초 계약직 포지션으로 근무 후, 내부 상황과 평가에 따라 계약 연장/종료 검토가 진행될 예정이에요.
• 계약연봉은 3,500만원이에요. (상/하반기 인센티브와 현금성 복리후생은 별도로 지급해요.)","• ‘안심보상제’의 서류 접수, 심사, 사후관리까지의 운영 업무를 집중적으로 수행해요.
• 심사 과정에서 다양한 금융데이터를 수집하고 현황분석, 발생 가능한 문제점을 도출해요.
• 대내외 보고서 작성에 필요한 운영 데이터 통계 자료를 정리해요.
• 도급사에 위탁된 Operating 업무에서 발생할 수 있는 결점을 선제적으로 파악하고 예방할 수 있도록 프로세스를 개선해나가요.
• 전기통신금융사기 접수 및 환급 처리 등의 업무 일부를 함께 수행해요.","• 금융권에서의 업무 경력을 1년 이상 가지고 계신 분을 찾고 있어요.
• 숫자, 문자의 작은 차이도 반드시 찾아내는 꼼꼼함을 바탕으로 다양한 업무를 빠르고 정확하게 진행할 수 있는 분이 필요해요.
• 고객이 제출한 다양한 서류를 심사하는 과정에서 변수가 발생해도 논리적으로 대처해오신 분이 필요해요.
• 원활한 커뮤니케이션 능력을 바탕으로 강성 고객 응대 및 상담 경험이 있는 분이 필요해요.
• 데이터 기반으로 문제를 분석하고, 통계자료 추출, 데이터 시각화 경험과 다양한 문서작성 경험이 있으면 좋아요.
• 다양한 문서 작성 경험이나 OA 활용 관련 자격증을 보유하고 계시다면 더 좋아요.","• 토스뱅크 Specialist에서 어떠한 역량을 발휘할 수 있는지 구체적으로 작성해주시면 좋아요.
• 금융권 경험에 관한 구체적인 사례를 기반으로, 본인이 해당 업무에 적합하다고 생각하는 이유를 기재해주세요.","[이렇게 일해요]
• 자율과 책임의 문화: 토스는 Manager가 아닌 Maker들로 구성된 조직으로, 투명한 정보 공유와 수평적인 문화 속에서 구성원 업무에 대한 위임과 신뢰를 바탕으로 세상을 변화 시켜 나가고자 합니다.
• 효율적인 업무방식: 가장 중요하고, 큰 영향을 미칠 수 있는 일에 집중합니다. 획일적인 업무 프로세스보다는 데이터 기반의 사고로 적극적으로 토론하며, 가장 효율적인 문제 해결을 위해 협업하고 실행합니다.
• 훌륭한 팀과 동료: 각 분야 최고 수준의 역량을 갖춘 인재들이 자율과 책임의 원칙 아래 뛰어난 역량을 발휘하고 있습니다.

[이런 지원을 받아요]
1. 자율과 효율의 근무 환경을 제공합니다.
• 자율 출퇴근 제도
• 자율 휴가 / 재택근무
• F5데이 / 연말 Off-week

2. 회사의 성장에 함께 몰입할 수 있도록 지원합니다.
• 반기별 성과급 지급
• 업무 관련 비용 100% 지원
• 매월 통신비 및 체력단련비 지원
• 최고급 장비 및 소프트웨어 제공
• 명절 상여금 및 생일축하비
• 직장단체보험비(가족 포함) 및 경조사비
• 인재추천비 500만원

3. 먹고 마시는 것까지 회사가 책임집니다.
• 법인카드 전원 지급 (점심/저녁 식사비용, 야간교통비 등 100% 지원)
• 사내카페 커피 Silo 무료 이용
• 사내 편의점, 헤어살롱 등 복지시설 무료 이용",• 서류접수 ＞ 직무 인터뷰 ＞ 문화적합성 인터뷰 ＞ 처우 협의 ＞ 최종 합격 및 입사,"단체보험, 보너스, 커피·스낵바, 편의시설, 대출지원, 유급휴가, 연봉상위11~20%, 301~1,000명, 설립4~9년, AI 선도 기업, 금융업계, 인원 급성장, 누적투자100억이상, 재택근무, 통신비",상시채용,"신속 간결한 스타일, 과정 중심 질문, 친절/따뜻한 스타일, 자유롭고 편한 환경",서울 강남구,토스뱅크
클라우드 빌링 매니저,"# 스마일샤크는 뭐하는 회사인가요?
스마일샤크는 Only AWS 컨설팅을 전문으로 하는 B2B 스타트업입니다. 클라우드가 대세이고 미래 산업에 필수라는 말은 많은 사람들이 들어 봤을 거에요. 하지만, 아직 많은 사람들이 정확히 클라우드가 무슨 역할을 하는지는 잘 전달 되고 있지 않는 거 같은데요. 이건 비단 사람들 뿐만 아니라, 기업도 마찬가지에요. 클라우드가 빠르고, 유연하며, 비즈니스 혁신을 가져다줄 수 있다는 장점들은 잘 알지만, 정확히 어떻게 (How?) 잘 활용할 수 있는지에 대한 어려움을 겪고 있어요. 클라우드가 가지고 있는 많은 장점들이, 사실 잘 모르고 사용하면 그 장점들이 요금 폭탄으로 반기게 되는데, 그래서 많은 기업들이 아직 클라우드는 비싸다! 는 인식이 있어요. 우린 그 최전방에서 그들을 도와 클라우드의 장점들만 최적의 조건으로 사용 하게 끔, AWS 클라우드 도입부터 구축 까지 전체 클라우드 여정을 컨설팅 하는 스타트업이에요.","• 클라우드 매입 빌링 원천 데이터 검증
• 고객사 사용료 청구 및 회계시스템 반영
• 매입 매출 분석 및 이슈발생시 글로벌 클라우드사와 소통을 통한 조율
• 약정계약 빌링 리포팅
• 고객사 문의 대응","• MSP사 빌링업무 경험하신 분 
• 비즈니스 영어 구사 가능하신 분 
• 커뮤니케이션 좋으신 분
• 꼼꼼하고 적극적인 성향인 분 
• 젋고 자율적인 분위기에서 주체적으로 일해보고 싶으신 분","• GCP 빌링업무 1년이상 경험자
• GCP 프로젝트 사용 경험자","• 긴 점심시간과 식대 지원
   1시간 30분 넉넉한 점심시간과 20만원의 모바일 바우처를 제공해드려요.

• 카페테리아 & 스낵바 운영
   다양한 종류의 네스프레소커피, 음료, 스낵이 무제한!

• 성과인센티브
   회사 성과에 따라 상/하반기 인센티브를 지급해요!

• 도서구매
   업무에 필요한 도서를 구매해드려요. 사내도서관도 있어요!

• 장기근속포상
   3년 5년 7년 10년 근속시 포상금과 함께 휴가를 보내드려요!

• 최신장비 지원
   맥북 or LG그램 노트북과 27인치 모니터 제공!

• 경조휴가 및 경조금
   경조사 때 필요한 휴가와 소정의 경조금을 지급해드려요.

• 명절선물
   설날, 추석을 더욱 풍성하게! 명절선물을 드려요.

• 건강검진
   1년 1회 종합 건강검진을 지원해드려요.

• 생일 이른 퇴근
   생일에는 오전 근무 후 퇴근해요.

• AWS 자격증 리워드
   AWS 자격증 신규 취득 시, 소정의 리워드를 지급해드려요.

• 청년지원
   중소기업 청년소득세 감면혜택, 내일채움공제 가입 가능해요!

• 퇴직연금
   퇴직연금 DC형 가입해드려요.

• 4대보험/ 연차휴가
   (당연히) 4대보험 가입해드리고, 휴가는 자유롭게 사용해요.",서류전형 - (온라인) 역량검사 - (오프라인) 대면 인터뷰,"장비지원, 보너스, 건강검진지원, 커피·스낵바, 편의시설, 식대지원, 50명이하, 설립4~9년, 인원 급성장",상시채용,,서울 강남구,스마일샤크
재경팀 팀장,"※ 스마트 도큐먼트 컴퍼니 '이파피루스'가 새로운 동료를 찾습니다.

「이파피루스는 풍부한 경험과 기술력을 바탕으로 누구나 쉽게 이용할 수 있는 전자문서 환경을 실현하는 페이퍼리스 솔루션 전문 기업입니다.」


* 이파피루스는 외관보다 내실, 형식보다 효율을 생각합니다.

- 영업이익률 3년 연속 10% 이상 달성, 부채비율 50% 미만의 튼튼한 재무 구조
- 국내 최초 PDF 코어 엔진, HTML 기반 웹 뷰어 개발 등 풍부한 원천 기술과 노하우
- 500개 이상의 공공기관 레퍼런스 포함, 총 900개 이상의 페이퍼리스 솔루션 레퍼런스
- 복장도, 회식도, 휴가도 자유, 젊은 임직원들이 만드는 수평적인 조직 문화


* 독보적인 기술력과 창의적인 발상을 바탕으로 끊임없이 도전합니다.

- 전자문서 분야에 그치지 않고 IoT, AI 딥러닝, 클라우드 등 다양한 기술을 통해 보다 더 편리한 업무환경을 실현합니다.
- 이러한 사세 확장에 따라 대폭적인 인력 충원을 진행하고 있으니,
이파피루스와 함께 성장하실 분들의 많은 지원 바랍니다.","1. 기업 공시 및 IR
 - 증권신고서 작성
 - 사업보고서 등 공시
 - IR 업무
 - 자본시장 트렌드 분석 및 전략 수립
2. 연결 및 내부 실적 보고
 - 해외 자회사 연결 및 전사 월단위 실적 보고
 - 외부 회계감사 대응
3. 경영진 지원
 - 재무 관련 정보 제공 및 자문
 - 경영 의사 결정 지원
4. 팀 관리
 - 팀원 교육 및 관리","1. 관련 경력 8년 이상
2. 회계, 세무, 금융 관련 법규 및 전문지식 보유자
3. 투자 및 자금 조달 관련 지식 보유자
4. 재무 모델링 및 분석 능력 보유자
5. 코스닥 상장사 재직 경력 필수
6. 소규모 조직 리딩 경험
7. 책임감 있고 꼼꼼한 업무처리 능력 보유자","1. 관련 학과 학사 이상 학위 보유자
2. 팀장 경력 보유자","• 근무환경
 - 수평적인 조직문화, 복장/연차(시간단위) ""완전"" 자유
 - 불필요한 야근/회식 강요없음
 - 최고수준 개발장비, 풍족한 간식/음료 제공

• 다양한 지원제도
 - 전월세 자금 대출, 암/실손보험 가입
 - 내일채움공제 가입, 퇴직연금제도 시행
 - 식대 지원, 경조사비/휴가 지원
 - 장기근속 포상 제도",서류전형-1차면접-2차면접-처우협의-최종합격,"커피·스낵바, 식대지원, 사내동호회, 자기계발지원, 51~300명, 연봉상위11~20%, 인원성장, 설립10년이상, 누적투자100억이상, 경기도 우수 중소기업",상시채용,"신속 간결한 스타일, 과정 중심 질문, 친절/따뜻한 스타일, 자유롭고 편한 환경",경기 성남시,이파피루스
재무회계 담당자 (재무회계팀),"재무회계팀은 회사와 사업의 재정관리를 총괄하며 재무/회계/세무적 영향을 분석하고 재무구조 개선과 안정을 고민합니다.
내부 의사결정에 필요한 정보를 적시에 정확하게 제공하여 사업의 방향성을 결정해 나갈 수 있도록 신뢰할 수 있는 재무제표를 작성합니다.
이에 업무적으로 꼼꼼하고 분석적이며 빠른 성장을 함께 만들어 나갈 잠재력 무한한 분들의 지원을 기다립니다.","1. 회계업무
• 회계 자체기장, 월/분기/연결산 손익 마감 
• 사업별 관리손익 및 주요 지표 관리
• 회계 감사 대응 위한 자료 준비
• 법인카드 관리 및 자금 집행 

2. 세무업무
• 부가세 신고(과/면세 공통매입세액 안분) 납부
• 소득세(근로소득, 사업소득, 기타소득 등) 신고 및 납부, 연말정산
• 세법에 따른 각종 신고업무

3. 급여관리
• 매월 급여 계산 및 집행
• 4대보험 가입 및 상실 신고 
• 퇴직연금 납부 관리","• 재무회계 업무 7년 이상 실무 경력이 있으신 분
• 자체 기장 및 부가세, 원천세 전 과정을 직접 신고 및 납부
• 법인의 회계처리 업무를 주도적으로 수행 가능하신 분
• MS Office 등 업무 툴 활용이 능숙하신 분","• IT, 플랫폼 기업에서 근무 경험 있으신 분
• 회계감사 경험이 있으신 분","• 출퇴근은 자유롭게 유연근무제
• 점심식대 지원
• 분 단위로 자유로이 휴가 사용
• 출산 축하금
• 아이돌봄비 지원
• 장기근속 포상 (3년, 5년)
• 무제한 스낵바
• 명절 선물
• 경조사 지원
• 자기개발비 일부 지원
• 사내추천 제도로 동료 채용 시 포상금 지원
• 지인에게 맘시터 이용권 무제한 선물",서류 전형 ＞ 1차 인터뷰 ＞ 2차 인터뷰 ＞ 최종 합격,"보너스, 식대지원, 어린이돌봄, 50명이하, 설립4~9년, 자기계발지원, 커피·스낵바, 연봉상위6~10%, 누적투자100억이상, 유연근무",상시채용,"신속 간결한 스타일, 과정 중심 질문, 친절/따뜻한 스타일, 자유롭고 편한 환경",서울 서초구,맘편한세상(맘시터)
IR 담당,"다날은 순수 우리말인 ‘다가오는 날은 다 좋은 날’이라는 뜻으로 미래를 더욱 즐겁게 만들어보자는 의지와 함께 태어난 대한민국 기업입니다.

세계 최초로 휴대폰 결제 서비스를 개발해 상용화함으로써 결제시장의 새로운 패러다임을 제시하였으며, 급변하는 결제 시장에서 20여년간 쌓아온 노하우, 우수한 인력과 함께 새로운 아이디어와 혁신적인 기술로 결제 시장을 선도하고 있습니다.

결제와 더불어 다날이 만든 서비스는 우리 생활 곳곳에 자리 잡았습니다. 글로벌 콘텐츠 및 음원, 커피 프랜차이즈, 로봇카페, 모바일 메신저, BNPL 커머스 플랫폼, 복합 주거서비스 그리고 새로운 메타버스 플랫폼과 데이터 비즈니스 플랫폼 등 편리한 일상과 미래를 앞당기는 기술을 실현하는데 앞장서고 있습니다.

앞으로도 다날은 현재와 미래를 잇는 플랫폼 기업이 되도록 업계 최고의 기술력과 안정성을 바탕으로 내실을 다지고, 세계인에게 통용되는 서비스를 선보이는 등 끊임없는 혁신으로 어제보다 한층 편리한 금융 생활을 제공하도록 노력하고 있습니다.","• 국내 NDR 및 기업탐방(국내 운용사, 애널리스트 등) 대응
• IR 제반 업무(IR보고서 작성, 투자자 대상 프레젠테이션, 주식 시장 동향 및 경쟁사 분석, IR모니터링, 주식 사무, 주주대응 관련 업무)
• 내부 업무 수행(주주총회, 이사회 등)
• 계열사 경영 관리 등","• 관련 직무 경력 5년 이상
• 기업 IR 업무 능력 또는 증권사 애널리스트 경력 보유자
• PPT 능력 및 커뮤니케이션 능력 우수자","• 상장기업 및 중견기업 근무자
• 재무 및 회계 지식 보유자
• 영어 커뮤니케이션 가능자","아래 채용사이트를 참고해주세요.
[URL] : welcome.danal.co.kr",서류접수 ＞ 1차 면접 ＞ 2차 면접 ＞ 처우 협의 ＞ 최종 합격,"커피·스낵바, 연봉상위6~10%, 51~300명, 설립10년이상, 편의시설, 자기계발지원, 건강검진지원, 출산휴가, 사내동호회, 육아휴직, 임직원할인, 보너스",상시채용,"신속 간결한 스타일, 과정 중심 질문, 친절/따뜻한 스타일, 자유롭고 편한 환경",경기 성남시,다날(Danal)
준법지원업무(Compliance) 담당자,"인피니티익스체인지코리아는 블록체인 기술을 활용하여 가상자산 거래소 플랫폼 '아이넥스(INEX)'를 운영합니다. 저희는 가상자산을 통해 효율적이고 직관적인 금융 서비스를 개발하는 데 집중하고 있습니다. 기존 금융 시스템에 익숙한 개인 및 기업 고객이 쉽게 접근하고 사용할 수 있도록 사용자 중심의 설계를 바탕으로 서비스를 제공합니다.

우리의 목표는 블록체인 기술을 통해 금융 서비스 혁신을 주도하는 것입니다. 이를 통해 전 세계 사람들이 경제적 장벽을 넘어 서로 연결될 수 있는 기회를 제공하고자 합니다. 아이넥스는 법규를 준수하며 고객 자산의 보호를 최우선으로 하고, Web 3.0 시대를 맞아 가상자산의 거래부터 활용까지 원활한 서비스 전환을 제공합니다.

현재 인피니티익스체인지코리아는 이러한 비전을 함께 실현할 수 있는 열정적이고 창의적인 인재를 찾고 있습니다. 가상자산 거래에 관심이 있으며 글로벌 금융 혁신을 주도할 준비가 된 여러분의 도전을 기다리고 있습니다. #자산거래가 필요할 때, 아이넥스","• 법규준수 및 내부통제를 위한 일상감사(사전심의 등)
• 컴플라이언스 관련 사내 규정 개정 및 관리 업무
• 법규 준수 및 내부 통제 관련 모니터링 및 보고
• 자금세탁방지 업무 지원
• 기타 법규준수 및 윤리경영 관련 준법감시인 지원 업무","•  Compliance 업무에 대한 관심과 열정이 있으신 분
•  긍정적인 사고와 적극적인 태도를 소유하신 분
•  직원들과 협업하여 업무하기를 좋아하시는 분
•  원활한 커뮤니케이션 능력을 갖추신 분
•  워드, 엑셀 등 OA 프로그램의 기본적인 활용이 가능하신 분
•  국내/해외 출장 결격 사유가 없으신 분","•  법규준수 및 내부통제 업무 경험이 있으신 분
•  법률 관련 전공자 등 법령 및 제도, 규제 등 이해 능력을 보유한 분","[ INEX 구성원 혜택 ]
 • 구성원 가족까지 챙기는 경사 / 애사 지원
 • 명절 (설날 / 추석 ) 상여금 지원 
 • 복지는 개인법인카드 발급 지원 
 • 항상 든든하게 스낵바 무제한 지원
 • 12,000원 점심과 저녁 지원 
 • 필요한 지식을 위한 도서비 지원 
 • 쉴 때도 여가활동 지원 
 • 3,5,7,10년 장기근속 지원
 • 생일을 특별하게 ! 축하와 함께 휴무 
 • 창립기념일은 휴무 
 • 청년소득세감면 지원
 • 자녀돌봄휴가 (초등학교입학,병원내원,입원)

[ INEX 입사 후 ]
 • 맞춤 최신형 장비 지원 
 • 최신 의자, 넓은 책상 지원
 • 눈치 안보는 연차 휴가 
 • 입사를 축하하는 웰컴키트
 • 지인을 추천하는 리쿠르팅
 • 서로 믿을 수 있고 함께 성장하는 문화 
 • 빠른 의사결정을 위한 자율, 권한, 책임 
 • 빠른 시도, 피드백, 빠른 개선의 과정 
 • 최상의 결과를 함께 상상하며 도전적인 성과 쟁취
 • 야근 없는 정시 퇴근 지향",,"자기계발지원, 유망산업, 보너스, 커피·스낵바, 식대지원, 50명이하, 설립3년이하, 인원 급성장",상시채용,,서울 강남구,인피니티익스체인지코리아
자금세탁방지업무(AML) 담당,"인피니티익스체인지코리아는 블록체인 기술을 활용하여 가상자산 거래소 플랫폼 '아이넥스(INEX)'를 운영합니다. 저희는 가상자산을 통해 효율적이고 직관적인 금융 서비스를 개발하는 데 집중하고 있습니다. 기존 금융 시스템에 익숙한 개인 및 기업 고객이 쉽게 접근하고 사용할 수 있도록 사용자 중심의 설계를 바탕으로 서비스를 제공합니다.

우리의 목표는 블록체인 기술을 통해 금융 서비스 혁신을 주도하는 것입니다. 이를 통해 전 세계 사람들이 경제적 장벽을 넘어 서로 연결될 수 있는 기회를 제공하고자 합니다. 아이넥스는 법규를 준수하며 고객 자산의 보호를 최우선으로 하고, Web 3.0 시대를 맞아 가상자산의 거래부터 활용까지 원활한 서비스 전환을 제공합니다.

현재 인피니티익스체인지코리아는 이러한 비전을 함께 실현할 수 있는 열정적이고 창의적인 인재를 찾고 있습니다. 가상자산 거래에 관심이 있으며 글로벌 금융 혁신을 주도할 준비가 된 여러분의 도전을 기다리고 있습니다. #자산거래가 필요할 때, 아이넥스","• 자금세탁방지 관련 내부 규정 및 업무지침 관리 지원
• 자금세탁방지 시스템 유지관리 및 개선 지원
• 위험기반관리(RBA) 체계 관리 및 지원
• 의심거래 모니터링 및 의심거래보고서(STR) 작성/보고, 룰 관리
• 고객확인정보 검증 및 조치, 관련 업무프로세스 구축 및 운영
• 고객위험평가(RA) 모델에 대한 적정성 관리
• 직원알기제도(KYE) 운영
• 요주의 인물 매칭 Alerts 일치 여부 확인 및 조치
• 요주의 인물 리스트 주기적 업데이트 및 필터링 시스템 유지관리
• 감독ㆍ검사 등 대내외 커뮤니케이션 지원
• 기타 자금세탁방지 내부통제 운영 지원
• AML 관련 교육 및 트레이닝 프로그램 개발 및 실행
• 최신 AML 관련 법령 및 규제 동향 파악 및 내부 적용
• 내부 감사 및 준법 감시 활동 지원
• 거래 패턴 분석을 통한 의심거래 탐지 알고리즘 개발 및 개선
• 고위험 거래 및 고객에 대한 심층 조사 및 보고
• 내부 보고서 작성 및 경영진 보고
• 외부 감사 및 규제 당국과의 협력 및 대응","• 자금세탁방지(AML) 관련 업무 경력 3년 이상
• 워드, 엑셀 등 OA 프로그램 활용 가능
• 자금세탁방지 업무 분야의 전문가를 목표로 하시는 분
• 긍정적인 사고와 적극적인 태도 보유
• 원활한 커뮤니케이션 능력","•  AML 관련 법령 및 제도, 규제에 대한 이해 능력 보유
•  AML 시스템 구축 및 운영 경험
•  블록체인 및 가상자산에 대한 관심 및 유관 업종 근무 경험
•  자금세탁방지 업무 관련 자격증 소지자 (CAMS 등)","[ INEX 구성원 혜택 ]
 • 구성원 가족까지 챙기는 경사 / 애사 지원
 • 명절 (설날 / 추석 ) 상여금 지원 
 • 복지는 개인법인카드 발급 지원 
 • 항상 든든하게 스낵바 무제한 지원
 • 12,000원 점심과 저녁 지원 
 • 필요한 지식을 위한 도서비 지원 
 • 쉴 때도 여가활동 지원 
 • 3,5,7,10년 장기근속 지원
 • 생일을 특별하게 ! 축하와 함께 휴무 
 • 창립기념일은 휴무 
 • 청년소득세감면 지원
 • 자녀돌봄휴가 (초등학교입학,병원내원,입원)

[ INEX 입사 후 ]
 • 맞춤 최신형 장비 지원 
 • 최신 의자, 넓은 책상 지원
 • 눈치 안보는 연차 휴가 
 • 입사를 축하하는 웰컴키트
 • 지인을 추천하는 리쿠르팅
 • 서로 믿을 수 있고 함께 성장하는 문화 
 • 빠른 의사결정을 위한 자율, 권한, 책임 
 • 빠른 시도, 피드백, 빠른 개선의 과정 
 • 최상의 결과를 함께 상상하며 도전적인 성과 쟁취
 • 야근 없는 정시 퇴근 지향",,"자기계발지원, 유망산업, 보너스, 커피·스낵바, 식대지원, 50명이하, 설립3년이하, 인원 급성장",상시채용,,서울 강남구,인피니티익스체인지코리아
이상거래 모니터링 및 심리 담당자,"인피니티익스체인지코리아는 블록체인 기술을 활용하여 가상자산 거래소 플랫폼 '아이넥스(INEX)'를 운영합니다. 저희는 가상자산을 통해 효율적이고 직관적인 금융 서비스를 개발하는 데 집중하고 있습니다. 기존 금융 시스템에 익숙한 개인 및 기업 고객이 쉽게 접근하고 사용할 수 있도록 사용자 중심의 설계를 바탕으로 서비스를 제공합니다.

우리의 목표는 블록체인 기술을 통해 금융 서비스 혁신을 주도하는 것입니다. 이를 통해 전 세계 사람들이 경제적 장벽을 넘어 서로 연결될 수 있는 기회를 제공하고자 합니다. 아이넥스는 법규를 준수하며 고객 자산의 보호를 최우선으로 하고, Web 3.0 시대를 맞아 가상자산의 거래부터 활용까지 원활한 서비스 전환을 제공합니다.

현재 인피니티익스체인지코리아는 이러한 비전을 함께 실현할 수 있는 열정적이고 창의적인 인재를 찾고 있습니다. 가상자산 거래에 관심이 있으며 글로벌 금융 혁신을 주도할 준비가 된 여러분의 도전을 기다리고 있습니다. #자산거래가 필요할 때, 아이넥스","• 가상자산 관련 이상거래 모니터링 및 심리보고서 작성
• 심리결과 수사기관 신고 및 감독당국 보고
• 거래 관련 테마모니터링 기획 및 실행
• 상시감시위원회 운영
• 컴플라이언스 정책 및 절차 개발 및 업데이트
• 내부 감사 및 준법 감시 활동 지원
• 거래 패턴 분석을 통한 이상거래 탐지 알고리즘 개발 및 개선
• 최신 규제 동향 파악 및 관련 규제 준수 방안 마련
• 고객 확인 절차(KYC) 및 지속적 실사(CDD) 지원
• 내부 교육 및 트레이닝 프로그램 개발 및 실행
• 시스템 개선 및 자동화 프로젝트 참여
• 위험 관리 전략 수립 및 실행 지원","•  증권사 등에서 불공정거래 운영 업무 유경험자
•  FDS(이상거래탐지시스템) 기획 및 운영 경험자
•  워드, 엑셀 등 OA 프로그램 활용 가능
•  긍정적인 사고와 적극적인 태도 보유
•  원활한 커뮤니케이션 능력
•  자금세탁방지(AML) 관련 업무 경력 3년 이상","•  KRX 시장감시 관련 규정 및 시행세칙에 대한 이해도 높은 분
•  블록체인 및 가상자산에 대한 관심 및 유관 업종 근무 경험자
•  자금세탁방지 업무 관련 자격증 소지자 (CAMS 등)","[ INEX 구성원 혜택 ]
 • 구성원 가족까지 챙기는 경사 / 애사 지원
 • 명절 (설날 / 추석 ) 상여금 지원 
 • 복지는 개인법인카드 발급 지원 
 • 항상 든든하게 스낵바 무제한 지원
 • 12,000원 점심과 저녁 지원 
 • 필요한 지식을 위한 도서비 지원 
 • 쉴 때도 여가활동 지원 
 • 3,5,7,10년 장기근속 지원
 • 생일을 특별하게 ! 축하와 함께 휴무 
 • 창립기념일은 휴무 
 • 청년소득세감면 지원
 • 자녀돌봄휴가 (초등학교입학,병원내원,입원)

[ INEX 입사 후 ]
 • 맞춤 최신형 장비 지원 
 • 최신 의자, 넓은 책상 지원
 • 눈치 안보는 연차 휴가 
 • 입사를 축하하는 웰컴키트
 • 지인을 추천하는 리쿠르팅
 • 서로 믿을 수 있고 함께 성장하는 문화 
 • 빠른 의사결정을 위한 자율, 권한, 책임 
 • 빠른 시도, 피드백, 빠른 개선의 과정 
 • 최상의 결과를 함께 상상하며 도전적인 성과 쟁취
 • 야근 없는 정시 퇴근 지향",서류전형-1차 면접(직무 적합성)-2차 면접(조직 적합성)-레퍼런스 체크-처우협의&입사일 조정,"자기계발지원, 유망산업, 보너스, 커피·스낵바, 식대지원, 50명이하, 설립3년이하, 인원 급성장",상시채용,,서울 강남구,인피니티익스체인지코리아
Finance Team Lead,"“Possibility to Reality”

저희 멋쟁이사자처럼은 성장 의지를 가진 누구나 새로운 기회를 갖고 목표를 이뤄낼 수 있다고 믿습니다. 이를 위한 IT교육과 함께할 수 있는 환경을 제공함으로써 한 단계 성장한 자신을 발견할 수 있도록 돕고 있습니다.

IT 교양 컨텐츠부터 IT 직무 전환을 돕는 부트캠프까지 다양한 교육을 제공하고 있으며, 앞으로 글로벌 시장에서 IT프로덕트 빌딩에 필요한 교육(프로그래밍, 디자인, 기획, 비즈니스 등)과 커뮤니티를 제공하여 글로벌 차원에서 비전을 실현하고자 합니다.

멋쟁이사자처럼은 2018년 영리법인 전환 이후 매년 3배 이상 꾸준히 성장하며, 현재 한국, 미국, 베트남 등에서 120여명의 구성원과 함께 목표를 이뤄가고 있습니다.

멋쟁이사자처럼 Management Division은 Finance Team과 General Affairs Team으로 구성되어 있습니다.

• Finance Team은 장기적 재무 전략과 기획은 물론, 안정적인 재무관리를 바탕으로 조직의 비즈니스를 지원하고, 임직원들의 효율적인 업무진행이 가능하도록 재무/회계/세무 관련 업무를 수행하고, 정부 지원 사업비 예산을 관리하는 조직입니다.
• General Affairs Team은 멋쟁이사자처럼의 자산 및 비품을 관리하고, 사무환경부터 각종 계약서까지 두루 다루며, 회사의 성장을 위해 A부터 Z까지 관리하는 조직입니다.","• 월/분기/연 단위 결산 및 주요 이슈사항 보고
• 국내/해외 자회사 연결 실무
• 세무신고 및 법인세 세무조정 대응
• 외부감사대응 및 기타 실사 대응
• 정부지원 사업비 예산 관리","• 재무 회계 관련 업무 7년 이상 경력자
• 팀 매니지먼트 경험이 있으신 분 (팀원 4명 이상)
• 결산 및 회계감사 경험 있으신 분
• 정부 사업비 예산 관리 경험자 우대
• 회계프로그램 (더존 Smart A, iCUBE) 사용 가능하신 분","• 회계사 자격증 소지자 (KICPA or AICPA 모두 가능)
• Slack, Notion, Flex 등 업무 툴 활용 경험이 있으신 분
• 성장하는 조직에서의 경험을 얻고자 하는 분


[추가 정보]

• 제출 서류 : 이력서, 자기소개서

• 이력서 내 기재 사항 안내

• 필수 기재 사항
• 인적사항 : 국/영문 성함, 생년월일, E-mail, 휴대전화 번호
• 학력사항 : 학교명, 전공, 졸업구분 등
• 경력사항 : 전체 경력의 입사일 및 퇴사일, 근무형태, 간략한 이직 사유
• 외국어 능력 및 해외 경험
• 병역사항 : 병역구분, 전역여부 등 *해당하는 경우

• 선택 기재 사항
• 경력 및 재학기간 중 공백기에 대한 설명

[전형절차 안내]

• 서류전형 ＞ 1차 면접 ＞ 2차 면접 ＞ 처우협의 ＞ 입사
• 모든 채용 전형 결과는 최대 4주가 소요 될 예정입니다. 본 일정은 후보자와의 소통을 통해 조정할 수 있으며, 심사가 지연되거나 일정의 변경이 있는 경우 별도 안내해 드립니다.
• 필요 시, 약 10 ~ 30분 내외의 유선 또는 화상으로 사전 면접이 진행 될 수 있습니다.
• 일부 포지션에 한하여 서류전형 단계에서 간단한 과제 제출을 요청할 수 있습니다.
• 일부 포지션에 한하여 사전 동의 절차를 거친 후 레퍼런스 절차가 진행될 수 있습니다.

[수습기간 안내]
• 모든 신규 입사자는 3개월 간 수습 기간이 있으며, 수습평가 결과에 따라 고용에 적합하지 않다고 판단될 경우, 수습기간이 연장되거나 채용이 취소 될 수 있습니다.

[채용 서류 반환절차 안내]

• 멋쟁이사자처럼(이하 멋사)은 채용절차의 공정화에 관한 법률(채용절차법)을 준수합니다.
• 법 11조에 따라, 멋사의 채용서류 반환절차에 대해 안내해 드립니다.
• 채용 절차법 제11조 제1항에 따라 멋사 채용에 응시한 구직자 중 최종 합격이 되지 못한 지원자분들은 채용 서류 반환을 청구할 수 있습니다. 다만, 채용절차법 제11조 제1항 단서조항에 따라 홈페이지 또는 전자 우편으로 채용 서류가 제출된 경우나 당사 요구 없이 자발적으로 제출한 경우에는 그러지 아니하며, 천재지변이나 그 밖에 당사에 책임 없는 사유로 채용 서류가 멸실 된 경우에 반환 의무를 이행한 것으로 봅니다.
• 채용 서류 반환 청구를 원하는 구직자께서는 아래 메일로 채용 서류 반환 청구서 양식 요청주시면, 안내 드리도록 하겠습니다. 채용 서류 반환 청구서 양식 수령 후, 당사 채용 담당자 이메일로 제출해 주시면, 채용절차법 시행령 제2조 제1항에 따라 반환 청구서 제출이 확인된 날로부터 14일 이내에 주소지로 등기 우편을 통해 발송해 드립니다. 소요되는 비용은 청구인이 부담하실 수 있음을 안내해 드립니다.
• 당사는 달리 파기 또는 반환 청구가 없는 한 채용 여부가 확정된 날로부터 5년까지만 채용 서류를 보관하며, 이후에는 개인정보보호법에 따라 지체 없이 채용 서류를 파기 합니다","• 점심식비 지원
• 자율출퇴근제(원하는 시간에 자유롭게 출퇴근)
• 자유로운 연차, 반차 사용
• 생일 휴가 
• 성장을 위한 지원(도서 구매비, 교육비, 세미나 참석)
• 최신 업무장비(LG Gram/MacBook, 듀얼 모니터) 및 모션데스크, 최고급 사무용 의자
• 건강검진 패키지(본인+가족)
• 무제한 간식 및 커피
• 경조사 지원(휴가, 화환)",,"식대지원, 커피·스낵바, 건강검진지원, 유망산업, 자기계발지원, 51~300명, 설립4~9년, 연봉상위6~10%, 유연근무",상시채용,"빠른 속도감, 과정 중심 질문, 친절/따뜻한 스타일, 자유롭고 편한 환경",서울 종로구,멋쟁이사자처럼
재무팀 시니어(7년 이상),"스위트스팟은 ‘The Future of Retail’ 슬로건으로, 팝업스토어 및 부동산 등 다양한 리테일 사업을 9년차 운영하고 있습니다.
2023년 시리즈B 단계를 넘어선 스타트업으로, 8천개 이상의 팝업스토어 중개 경험을 보유한 업계 1위 기업입니다.","• 재무업무 전반 (회계/세무/자금/관리)
• 재무회계 결산 및 회계감사 대응
• ERP/그룹웨어 관리(더존 Amaranth)
• 세무관리 (부가세, 원천세)
• 재무 분석(손익관리, 분석) 및 경영진 의사결정 지원","[아래 최소 사항들에 모두 해당되시는 분을 찾고 있어요.]
• 7년 이상의 재무관련 업무 경력을 보유하신 분
• 외부감사 대응 경험을 보유하신 분
• 내부통제 프로세스 관련 경험을 보유하신 분","[우대 사항은 하나도 해당되지 않아도 괜찮아요, 하지만 교집합이 많다면 더 재밌게 일할 수 있어요.]
• MICE, 커머스, 광고 비즈니스에 대한 이해가 높으신 분
• 이사회, 주주총회, IR 관련 업무 진행 경험이 있으신 분
• FP&A 업무 경험이 있으신 분
• 스타트업 경험이 있으신 분","• 4대보험 가입
• 연월차,경조 휴가 및 경조비 지원
• 생일 조기 퇴근
• 출산휴가 및 육아휴직제도
• 급여 외 점심식대 제공
• 야근식비 지원
• 명절 선물 지급
• 업무용 휴대폰 및 교통비 지원
• 직무관련 학습비(교육, 도서구입 등) 지원
• 자율 복장
• 유연근무제(탄력근무제, 시차출퇴근제)
• 사내 스낵바 운영(무제한 간식 및 커피와 차 제공)",,"식대지원, 육아휴직, 커피·스낵바, 출산휴가, 장비지원, 자기계발지원, 51~300명, 설립4~9년, 인원 급성장, 누적투자100억이상, 유연근무",상시채용,"신속 간결한 스타일, 과정 중심 질문, 친절/따뜻한 스타일, 자유롭고 편한 환경",서울 성동구,스위트스팟(SweetSpot)
벤처캐피탈 투자조합관리본부 본부장,"미라파트너스는 비상장 시장의 참여자(투자자, 스타트업)들이 핵심 업무에 집중할 수 있도록 BACK-OFFICE를 지원하고 있습니다.

미라파트너스는 VC 시장에서 독보적이고 전문적인 ”FUND BACK-OFFICE SERVICE”를 제공하고 있습니다. 이는 8년동안 1,200개의 투자조합(벤처투자조합, 신기술투자조합, 개인투자조합)을 운영해 본 경험을 바탕으로 노하우가 누적 되었기에 가능한 일이었습니다.

하지만 미라파트너스는 이제 시작이라고 생각합니다. 그동안 누적된 케이스를 바탕으로 가능한 더 많은 업무를 자동화 및 프로세스화하는 데 시간과 노력을 투자해오고 있으며 앞으로도 벤처 투자 업무의 선진화 및 효율화를 위한 노력을 지속할 것입니다.

미라파트너스가 꿈꾸는 미래는 벤처 투자 시장에서 백오피스를 통해 누적된 데이터를 바탕으로 VC 및 스타트업 고객에게 더욱 편리한 투자관리, 경영관리 및 의사결정을 할 수 있도록 지원하며 고객님들의 사업(투자)이 성공할 수 있도록 돕는 든든한 지원군이 되는 것 입니다.

미라파트너스는 조직원의 강점을 기반으로 숨쉬 듯이 하고 있고 할 때 힘이 나는 업무를 찾아가는 과정을 통해 조직원이 모두가 행복하게 일하는 회사를 지향합니다. 나의 강점을 찾아 강점을 통한 성장을 하고자 하는 분들을 환영 합니다.","＜포지션 소개＞

모든 업무를 전문가 처럼 하실 필요는 없습니다. 관리 전문 회사인 만큼 재무/회계는 세무사, 회계사가 인사관리는 대표님이 함께 도와주실 예정입니다. 다만 벤처투자촉진에관한법률 및 여신전문금융업법과 조세특례제한법을 통해 필요한 정보를 확인해보신 경험이 있으셔야하며 그를 바탕으로 펀드팀 대표로서 다른 조직원 분들(대표 포함)과 커뮤니케이션이 가능한 역량을 갖춘 분이면 충분합니다. 

＜주요 핵심 업무＞

• 펀드팀 회의 주재 및 업무 체크
• 펀드팀 업무 프로세스 정립 및 업무 분장
• 펀드팀 업무 및 고객관련 이슈 정리 및 공유
• 펀드 운영 매뉴얼 정립",• VC 관리역 업무 경험 8년 이상,"• 주체적으로 업무를 파악하고 제안하는 주인의식과 성장욕구를 가지신 분
• 팀원을 존중하고 함께 성장할 수 있도록 독려할 수 있는 리더쉽을 가지신 분
• 팀원이 힘들때 함께 고충을 나눠주실 수 있는 따뜻한 마음을 가지신 분","• 점심식사 및 커피, 각종 음료, 간식 제공
• 건강검진비 일부지원
• 각종 경조사, 통신비 지원 
• 퇴직연금, 스톡옵션, 성과급제도
• 안마기기(세라젬) 
• 명절비, 생일선물, 생일휴가 제공
• 수평적 조직문화, 회식 거의 없음",서류전형 -＞ 1차면접 -＞ 강점테스트 -＞ 2차면접,"커피·스낵바, 건강검진지원, 보너스, 50명이하, 식대지원, 편의시설, 스톡옵션, 인원 급성장, 설립10년이상, 통신비",상시채용,"신속 간결한 스타일, 과정 중심 질문, 진중/칼같은 스타일, 캐주얼/편한 분위기",서울 강남구,미라파트너스
리서치 애널리스트(가상자산시장),"인피니티익스체인지코리아는 블록체인 기술을 활용하여 가상자산 거래소 플랫폼 '아이넥스(INEX)'를 운영합니다. 저희는 가상자산을 통해 효율적이고 직관적인 금융 서비스를 개발하는 데 집중하고 있습니다. 기존 금융 시스템에 익숙한 개인 및 기업 고객이 쉽게 접근하고 사용할 수 있도록 사용자 중심의 설계를 바탕으로 서비스를 제공합니다.

우리의 목표는 블록체인 기술을 통해 금융 서비스 혁신을 주도하는 것입니다. 이를 통해 전 세계 사람들이 경제적 장벽을 넘어 서로 연결될 수 있는 기회를 제공하고자 합니다. 아이넥스는 법규를 준수하며 고객 자산의 보호를 최우선으로 하고, Web 3.0 시대를 맞아 가상자산의 거래부터 활용까지 원활한 서비스 전환을 제공합니다.

현재 인피니티익스체인지코리아는 이러한 비전을 함께 실현할 수 있는 열정적이고 창의적인 인재를 찾고 있습니다. 가상자산 거래에 관심이 있으며 글로벌 금융 혁신을 주도할 준비가 된 여러분의 도전을 기다리고 있습니다. #자산거래가 필요할 때, 아이넥스","• 가상자산 거래소, 금융 뉴스 소스 및 블록체인 데이터 제공업체 등 다양한 출처에서 데이터 수집/정리 
• 가상자산 시장의 가격 변동, 거래량 및 시가총액 등 모니터링
• 보고서와 각종 프레젠테이션(IR자료 포함)을 위한 차트, 그래프 및 시각적 자료 작성 및 개발 
• 가상자산 및 블록체인 분야의 주요 지표와 동향 추적 및 보고
• 가상자산 시장의 신흥 동향, 기회 및 리스크 식별","• 금융, 경제학, 경영학, 회계학, 데이터 과학, 통계학 및 유사 분야의 학사 학위 이상 소지자(졸업 후 경력 5년 이내)
• 블록체인 기술 및 가상자산 시장에 대한 기본 이해
• PowerPoint등 프레젠테이션 자료의 작성 및 분석자료 시각화에 능식하신 분(관련 포트폴리오 필수 제출) 
• Excel에 능숙하며 데이터 분석 도구에 익숙하신 분
• 뛰어난 분석 능력과 세부 사항에 대한 철저한 주의력
• 협업 및 커뮤니케이션 능력","• 가상자산거래소 인턴 또는 각종 서포터즈 경력
• PowerPoint, Excel, Word 등 프레젠테이션 자료 및 각종 보고서 작성 능력 우수","[ INEX 구성원 혜택 ]
 • 구성원 가족까지 챙기는 경사 / 애사 지원
 • 명절 (설날 / 추석 ) 상여금 지원 
 • 복지는 개인법인카드 발급 지원 
 • 항상 든든하게 스낵바 무제한 지원
 • 12,000원 점심과 저녁 지원 
 • 필요한 지식을 위한 도서비 지원 
 • 쉴 때도 여가활동 지원 
 • 3,5,7,10년 장기근속 지원
 • 생일을 특별하게 ! 축하와 함께 휴무 
 • 창립기념일은 휴무 
 • 청년소득세감면 지원
 • 자녀돌봄휴가 (초등학교입학,병원내원,입원)

[ INEX 입사 후 ]
 • 맞춤 최신형 장비 지원 
 • 최신 의자, 넓은 책상 지원
 • 눈치 안보는 연차 휴가 
 • 입사를 축하하는 웰컴키트
 • 지인을 추천하는 리쿠르팅
 • 서로 믿을 수 있고 함께 성장하는 문화 
 • 빠른 의사결정을 위한 자율, 권한, 책임 
 • 빠른 시도, 피드백, 빠른 개선의 과정 
 • 최상의 결과를 함께 상상하며 도전적인 성과 쟁취
 • 야근 없는 정시 퇴근 지향",서류전형-실무 면접(직무 적합성)-임원 면접(조직 적합성)-레퍼런스 체크-처우협의&입사일 조정,"자기계발지원, 유망산업, 보너스, 커피·스낵바, 식대지원, 50명이하, 설립3년이하, 인원 급성장",상시채용,,서울 강남구,인피니티익스체인지코리아
운용지원(오퍼레이션) (대리-차장),"운용 및 세일즈 등의 Front office 기능을 안정적으로 지원하고, 오퍼레이션 업무에 대한 이해와 역량을 갖추어 회사의 성장전략과 비젼을 공유하고 의욕적으로 일할 수 있는 분을 모시고자 합니다.","■ 펀드 오퍼레이션 업무 (펀드 설정 및 해지, 주식, 선물, 옵션 거래확인 및 대사, 결제, 운용지시, 유관기관 법정보고서 작성업무)
■ 장외파생거래 확인 및 컨퍼메이션 매칭, 결제 및 담보관리. 법정보고작성 업무 등
■ IPO관련 계좌개설 및 수요예측, 청약, 납입업무 확인
■ 해외 일임, 펀드 온보딩 및 지원업무
■ 그 외 국내외 Front office의 trading support 업무","■ 4년제 대학 졸업 또는 동등 이상 학력 소지자
■ 금융회사 및 유관기관의 관련 실무 경력 2년 이상
■ Excel 등 MS office 활용 능력 우수자
■ 팀워크, 협업, 헌신과 열정을 보여주는 팀플레이어
■ 뛰어난 문제해결 능력(problem-solving skill)과 프로젝트 관리 능력을 보유
■ 외국인투자자와 기본적인 전화/이메일 커뮤니케이션이 가능한 정도의 영어 의사소통 능력을 보유한 자
■ 새로운 업무환경에 빠르게 적응 가능하고 신속 정확한 업무처리가 가능한 자
■ 업무에 대한 책임감과 오너십
■ 위험관리 및 컴플라이언스에 대한 높은 인식","■ 증권사 경력자 우대
■ 금융자격증 소지자 우대
■ 외국어 능력 우수자 우대
■ 코딩 가능자 우대
■ 대체자산(미술품, 가상화폐등) 오퍼레이션 경력자 우대","지원금/보험 - 건강검진 / 상해보험 
급여 - 4대보험 / 퇴직연금 / 성과금
교육 - 교육비 지원
선물 - 명절선물
조직문화 - 자유로운복장 / 자유로운 연차사용",■ 서류전형 ＞ 1차면접 ＞ 2차면접 ＞ 임원면접 ＞ 최종합격,"50명이하, 설립4~9년, 연봉상위11~20%, 퇴사율6~10%, 건강검진지원, 자기계발지원, 인원 급성장",상시채용,,서울 강남구,두나미스자산운용
펫보험 전문가,"국내 유전자 점유율 1위 마크로젠, 국내 최다 21종 펫 유전자 검사 독점 계약!
실시간 펫보험 디비를 통한 펫보험 디비영업과
펫보험 영업이 처음인 분을 위한 맞춤 펫보험 디비영업 교육 지원
보험영업만 열심히 하시면 00벅스 카페 창업 100% 지원까지
지금 우리만 잘 먹고 잘 사는 우리 설계사님이 되어 보세요!","21종 펫 유전자 검사를 통한 펫보험 영업
실시간 펫보험 디비를 통한 펫보험 디비영업","• 펫보험 영업 경력 또는 관심이 있는 사람
• 펫 유전자 검사에 관심이 있는 사람
• 불안정한 보험영업 소득이 걱정인 사람
• 미래를 바라 보며 성공하고자 하는 의욕이 있는 사람
• 신입, 취업 준비생, 학과 졸업생","• 보험영업 경력자
• 펫보험영업 경력자","• 실시간 유튜브 디비 제공
• 실시간 펫보험 디비 제공
• 펫보험 디비영업 교육 지원
• 채용설명회 지원
• 박람회 영업 지원
• 보험 유튜브 지원
• 카페 창업 지원",서류 면접 - 대면 면접 - 결과 발표,"50명이하, 설립3년이하",상시채용,,서울 서초구,울림더하기
보험 전문 유튜브 크리에이터(보험 설계사),"미래 보험시장을 대비할 수 있는 온라인 보험 영업, 보험 유튜브 영업을 100% 지원해 드립니다.

입사 후 보험 전문 마케터가 진행하는 보험 전문 유튜브 크리에이터 교육 2~4주 코스를 이수하실 수 있고
마케팅 전문 인력의 유튜브, 인스타그램, 카카오톡 채널, 블로그 등 월 1000만 원 상당의 업무 지원을 받고
보험 전문 크리에이터로 영업하시면서 성장하실 수 있습니다.
또한, 실시간 보험 유튜브 디비를 통한 디비영업이 가능합니다.
보험영업만 열심히 하시면 00벅스 카페 창업 100% 지원까지
지금 우리만 잘 먹고 잘 사는 우리 설계사님이 되어 보세요!","• 보험 관련 유튜브 영상 출연
• 댓글 또는 1:1 문의 상담 및 직접 보험 디비 창출
• 실시간 유튜브 디비를 통한 디비영업","• 보험 관련 콘텐츠 제작 경험 또는 흥미가 있는 사람
• SNS 및 유튜브 채널 운영 경험 또는 흥미가 있는 사람
• 불안정한 보험영업 소득이 걱정인 사람
• 신입, 취업 준비생, 학과 졸업생","- 보험영업 경력자
- 유튜버 경력자","• 실시간 유튜브 디비 제공
• 보험 마케팅 전문 교육 지원
• 유튜브 디비영업 교육 지원
• 채용설명회 지원
• 박람회 영업 지원
• 보험 유튜브 지원
• 카페 창업 지원",서류 전형 - 대면 면접 - 결과 발표,"50명이하, 설립3년이하",상시채용,,서울 서초구,울림더하기
IR 공통(시니어),"[소속될 팀을 소개합니다]

• 재무팀은 재무그룹 소속으로, 기업 운영의 바탕인 자금의 입출금을 관리하면서 중장기 자금 계획을 수립하고, 재무구조를 개선하여 회사 성장에 기여하고 있습니다.
• 전자금융거래법 등 제반 규정에 맞게 고객 충전금을 관리하고, 적시적소에 가맹점 및 회원에게 자금을 지급하여, 안정적인 플랫폼 사업 운영을 위해 지원하고 있습니다.

[코나아이의 합류 여정입니다]

• 서류전형 - 실무진 면접(대면 면접) - 인성검사 - 임원 면접(대면 면접) - 연봉협상 - 최종합격


[꼭 확인해주세요]

• 정규직 채용의 경우 3개월의 수습기간이 있습니다.","[이런 업무를 담당합니다]

• 법령에 근거해서 사업내용과 재무상황 등을 공시하는 역할을 합니다.
• 국내외 투자자, 애널리스트와 상시 소통하는 역할을 합니다.
• 실적발표 및 정기 주주총회 및 이사회를 준비하고 관리합니다.
• 분기별 IR 자료를 작성하고 업데이트 하는 역할을 합니다.
• 투자시장에 코나아이 가치를 알리는 역할을 합니다.","[이런 분을 찾고 있습니다]

• 7년 이상의 재무 업무 경험(IR포함)을 보유하신 분이 필요합니다.
• 재무지식 보유자가 필요합니다.(재무제표 이해 필수)
• 4년제 학사 이상 학위를 소지하신 분이 필요합니다.
• 상장사에서 근무하신 경력이 있으신 분이 필요합니다.","[이런 경험을 가진 분이면 더 좋습니다]

• 재무관련 자격증을 소유하시면 더욱 좋습니다.","[""진짜 나""를 위한 지원]
• 반기별 성과급 지급
• 복지포인트 지급 年 50만원_1년차 기준(근속에 따라 매년 10~20% 인상)
• 달달포인트 지급 年 240만원
• 종합건강검진 본인+가족1인 지원 年 60만원 +검진일 유급휴가
• 본인(가족) 생일 휴가 1일 제공
• 경조사 지원(경조휴가 및 경조금 지급)

[""휴식과 성장""을 위한 지원]
• 코나 하프데이(매월 셋째주 금요일 조기퇴근)
• 리프레쉬 휴가(3,5,7,10년 단위 10일 이상 안식 휴가 및 휴가지원금)
• 휴양시설 지원
• 최신 업무 장비 지원
• 코나 이러닝 (휴넷, 인프런 등 직무 맞춤 온라인 교육 지원)
• 인사이트 세미나(Tech, Trend 등 임직원 인사이트 역량 확대를 위한 명사 초청 교육 지원)",,"유급휴가, 보너스, 건강검진지원, 복지포인트, 유망산업, 연봉상위11~20%, 301~1,000명, 설립10년이상, 유연근무",상시채용,"신속 간결한 스타일, 과정 중심 질문, 진중/칼같은 스타일, 자유롭고 편한 환경",서울 영등포구,코나아이
IR 담당자,"인피니티익스체인지코리아는 블록체인 기술을 활용하여 가상자산 거래소 플랫폼 '아이넥스(INEX)'를 운영합니다. 저희는 가상자산을 통해 효율적이고 직관적인 금융 서비스를 개발하는 데 집중하고 있습니다. 기존 금융 시스템에 익숙한 개인 및 기업 고객이 쉽게 접근하고 사용할 수 있도록 사용자 중심의 설계를 바탕으로 서비스를 제공합니다.

우리의 목표는 블록체인 기술을 통해 금융 서비스 혁신을 주도하는 것입니다. 이를 통해 전 세계 사람들이 경제적 장벽을 넘어 서로 연결될 수 있는 기회를 제공하고자 합니다. 아이넥스는 법규를 준수하며 고객 자산의 보호를 최우선으로 하고, Web 3.0 시대를 맞아 가상자산의 거래부터 활용까지 원활한 서비스 전환을 제공합니다.

현재 인피니티익스체인지코리아는 이러한 비전을 함께 실현할 수 있는 열정적이고 창의적인 인재를 찾고 있습니다. 가상자산 거래에 관심이 있으며 글로벌 금융 혁신을 주도할 준비가 된 여러분의 도전을 기다리고 있습니다. #자산거래가 필요할 때, 아이넥스","• Valuation modelling 및 분석을 통한 IR 전략 반영
• Funding 과정 총괄 관리(시리즈A ~ B단계)
• 국내외 투자자 대상 IR 전략 수립 및 자료 제작
• 국내외 거래소 및 Web3 시장, 경쟁사 리서치
• 내부 경영진 및 투자자 보고 문서 작성
• 정성적/정량적 기업 및 프로덕트 분석, 밸류에이션 모델 기반 기업 가치 평가
• 국내외 투자자 발굴 및 관리
• 주주 관리 (실적 발표, 기업 설명회, 기관 투자자 미팅 등)","• 국내외 IT 스타트업, VC, 증권사, 컨설팅, 회계법인에서 3년 이상 경력
• 업계에 대한 충분한 이해 및 인적 네트워크
• 재무 분석, 기업가치 평가, 사업 타당성 평가 역량
• 시장 리서치 및 데이터 분석 경험
• 전략적/체계적 사고방식을 바탕으로 한 투자유치 경험
• 회사소개 자료 및 보고서 작성 역량","• KICPA/AICPA/CFA 등 재무/회계 자격증 소지자
• 코스피/코스닥 상장사 IR 전략 기획 경험
• 전략 기획, 전략 컨설팅, IR 분야 2년 이상 경력
• 블록체인 시장 기본 이해
• 비즈니스 영어, 중국어 등 다양한 언어 능력","[ INEX 구성원 혜택 ]
 • 구성원 가족까지 챙기는 경사 / 애사 지원
 • 명절 (설날 / 추석 ) 상여금 지원 
 • 복지는 개인법인카드 발급 지원 
 • 항상 든든하게 스낵바 무제한 지원
 • 12,000원 점심과 저녁 지원 
 • 필요한 지식을 위한 도서비 지원 
 • 쉴 때도 여가활동 지원 
 • 3,5,7,10년 장기근속 지원
 • 생일을 특별하게 ! 축하와 함께 휴무 
 • 창립기념일은 휴무 
 • 청년소득세감면 지원
 • 자녀돌봄휴가 (초등학교입학,병원내원,입원)

[ INEX 입사 후 ]
 • 맞춤 최신형 장비 지원 
 • 최신 의자, 넓은 책상 지원
 • 눈치 안보는 연차 휴가 
 • 입사를 축하하는 웰컴키트
 • 지인을 추천하는 리쿠르팅
 • 서로 믿을 수 있고 함께 성장하는 문화 
 • 빠른 의사결정을 위한 자율, 권한, 책임 
 • 빠른 시도, 피드백, 빠른 개선의 과정 
 • 최상의 결과를 함께 상상하며 도전적인 성과 쟁취
 • 야근 없는 정시 퇴근 지향",서류전형-실무 면접(직무 적합성)-임원 면접(조직 적합성)-레퍼런스 체크-처우협의&입사일 조정,"자기계발지원, 유망산업, 보너스, 커피·스낵바, 식대지원, 50명이하, 설립3년이하, 인원 급성장",상시채용,,서울 강남구,인피니티익스체인지코리아
Senior Finance Manager,"콘텐츠테크놀로지스는 콘텐츠 IP를 중심으로 테크놀로지와 금융이 통합된 차세대 콘텐츠 밸류체인을 구축해 나아가고 있으며, 산업 내 최고의 IP와 기업들을 가장 빠르게 모으고 금융, 기술과의 결합을 통한 가치 극대화를 모색하는 종합 엔터테인먼트 스타트업입니다.

누적 약 700억원 이상의 투자를 유치하고, 약 3,000억원 규모의 음원 IP 자산(AUM)을 보유한 국내 최대 음원 IP 매니지먼트사인 비욘드뮤직을 비롯해 7개의 음원 및 콘텐츠 IP 기업을 컴퍼니빌딩하며, 글로벌 음원 배급 국내 1위인 플럭서스를 자회사로 두고 있습니다. 그 밖에도 20개 이상의 콘텐츠 스타트업과 전략적 협력 관계를 구축하고 있습니다.

재무/회계 담당자는 회사의 재무 전략을 수립하고, 재무제표 작성 및 분석, 자금 관리 등 다양한 재무 업무를 총괄하게 됩니다. 콘텐츠테크놀로지스와 함께 성장할 유능한 인재를 기다립니다.","• 개별/연결 재무제표 작성 총괄
• 재무 계획 수립 및 분석 (FP&A) 총괄
• 재무제표 작성/분석 관련 자회사 업무 및 관계 관리
• 외부감사 수감
• 세무 전략 수립 및 이슈 검토
• 자금 계획 수립 및 관리
• 내부 통제 제도 관리
• 재무 관련 주주 보고 자료 작성 및 커뮤니케이션","• 관련 경력 8년 이상
• 위 업무 전부를 (경험하진 않았더라도) 스스로 충분히 잘 할 수 있다고 생각하는 분
• 일반 기업 회계 기준 ＜＞ K-IFRS Conversion 경험 또는 (경험 없더라도)높은 수준의 이해
• 엑셀/PPT 활용 능력 뛰어나신 분
• 더존/SAP 등 다양한 레벨의 ERP 경험
• 1명 이상의 팀원 혹은 부사수 매니징 하는 리더십 경험
• CFO, 팀원, 타팀, 자회사, 타 직군 등과 적극적으로/편안하게/명료하게 커뮤니케이션할 수 있는 분","• 스타트업 Series B 이상 투자 유치 실무 과정 경험 (프로젝트 리드 여부 무관)
• ERP 또는 내부회계관리제도 도입 프로젝트 경험
• 공인회계사 자격","• 유연 근무제도(시차출퇴근제) 및 재택근무 
• 복리후생비 지원
• 워케이션 
• 수평적 조직문화
• 매월 마지막주 금요일 패밀리데이 
• 생일 선물 및 생일 휴가 
• 매년 마지막 주 Office Closing
• 보너스 휴가","• 서류 전형
• 1차 면접 (실무진 면접)
• 2차 면접 (임원 면접)
• 최종 합격 통보","자기계발지원, 50명이하, 누적투자100억이상, 설립3년이하, 보너스, 연봉상위11~20%, 재택근무, 유연근무",상시채용,,서울 강남구,콘텐츠테크놀로지스
Finance Manager(신입~2년차),"생성형 AI 시장을 혁신할 분을 모십니다.

딥서치는 기업 정보를 검색하는 딥서치와 AI 컨텐츠 플랫폼 letters, M&A 플랫폼 LISTING을 서비스하고 있습니다.

한국투자파트너스, 스톤브릿지, 신한벤처 투자 등 국내 굴지의 투자사에서 130억을 투자받았고, 한국거래소, 삼성증권, 신한은행, 국민연금 등 국내 최정상의 금융회사에서 기술력을 인정받아 솔루션을 제공하고 있습니다.

10년차 스타트업으로, 2023년 월 기준으로 손익분기점을 넘었고, 현재 상장을 준비(2025년 상장 심사 청구 예정) 하고 있습니다.","ㆍ회계 결산
ㆍ외부감사 수검 및 대응
ㆍ자금 출납 및 운용 실무","ㆍ학사 이상
ㆍ전공 무관
ㆍ경력 무관
ㆍ논리적 사고에 의한 문제해결 능력이 뛰어난 분
ㆍ친화력이 좋고 커뮤니케이션 스킬이 우수한 분","ㆍ스타트업 경험 우대
ㆍ회계/세무 관련 자격증 보유자 우대","• 업계 최고 수준의 연봉
• 최고급 하드웨어 및 소프트웨어 제공 ( 1인당 350만원 상당 )
• 도서, 워크샵, 세미나 등 업무 교육비 100% 지원
• 100만원 상당의 건강 검진 지원 ( 연 1회 )",,"커피·스낵바, 보너스, 자기계발지원, 유망산업, 50명이하, AI 선도 기업, 연봉상위6~10%, 인원 급성장, 설립10년이상, 워크샵",상시채용,,서울,딥서치
Quant 운용 담당자,"콴텍은 주식 빅데이터를 활용해 개인화된 알고리즘 투자 전략을 만들어, 투자자산 관리와 자산관리 솔루션을 제공하는 로보어드바이저 금융회사 입니다.

콴텍의 자산관리 앱, 로보어드바이저 개발 솔루션 Q-엔진 등 콴텍의 기술로 자산관리를 갈망하는 모든 사람이 누구나 쉽고 편리하게 자산관리를 이용할 수 있도록 하는 것이 콴텍의 목표이며, 기존 판매 사 중심인 금융투자 시장의 패러다임을 고객중심으로 바꾸고 있습니다.

코스콤에서 실투자로 운영하는 RATB(로보어드바이저 테스트베드)에서 수익률 Top10 모두 랭크, 압도적 수익률 1위!

RATB에서 인증된 안정성과 높은 수익률의 알고르즘 투자전략 국내 최다 보유!","• 퀀트 운용/리서치 및 제반 업무
• 국내주식, 해외주식 팩터모델, 자산배분 모델 개발 
• 제안서, 운용보고서 작성 업무
• 증권사, 운용사 등 대형기관 포트폴리오 자문 
• 로보어드바이저 일임 운용","• 학력 / 연령 : 무관
• 경력 : 무관 (신입 ~ 과장)","• 자산운용, 금융공학, Fintech AI, Data Science 등 유관 전공자 또는 자문/일임/운용사 등 유관업계 1년이상 경력자
• Pandas, Numpy 등을 활용한 Python 기반 데이터 처리 가능자
• Data 분석, 모델링 역량 보유자
• 도메인 지식(금융공학, 자산운용 등)에 대한 전반적인 이해
• Excel, Word, Powerpoint 등 MS Office 능통자
• 투자자산운용사, CFA 등 금융자격증 보유자 
• ADP, 빅데이터분석기사 등 Data 분석관련 자격증 보유자 
• 금융공학, Data Science, AI 등 유관 전공 석박사 학위 우대 
• 퀀트전략으로 본인만의 투자 포트폴리오를 운용한 경험이 있는 자","• 근무 조건
  - 주 5일(월~금) 오전 8시~오후 5시 사내 근무 
  - 급여 : 면접 후 결정 (퇴직금 별도)

* 이력서에는 아래의 내용이 반드시 포함되어 있어야 합니다.
ㆍ전공, 경력, 자격증이 지원업무와 어떻게 연관되어 있는지 여부 
ㆍ프로그래밍 언어 사용능력 뿐만 아니라, 기본적인 회사업무를 위한 문서 작성능력이 있는지 여부
ㆍ개인 재테크, 모의투자대회 또는 업무경력 등 실제 투자경험이 있는지 여부


• 근무위치 : 여의도역 도보 8분

• 복리후생 

 - 매년 연차와 별도로 Refresh 휴가 제공
 - 생일 반차 및 상품권 지급
 - 커피 제공
 - 도서 및 업무 관련 교육비 지원
 - 명절 선물 지급
 - 추천 인재 채용 포상금 지급
 - 야근 시 식대 및 택시비 지원",,"자기계발지원, 커피·스낵바, 식대지원, 리프레시휴가, 50명이하, 설립4~9년, AI 선도 기업",상시채용,,서울 영등포구,콴텍투자일임
Finance Manager,"생성형 AI 시장을 혁신할 분을 모십니다.

딥서치는 기업 정보를 검색하는 딥서치와 AI 컨텐츠 플랫폼 letters, M&A 플랫폼 LISTING을 서비스하고 있습니다.

한국투자파트너스, 스톤브릿지, 신한벤처 투자 등 국내 굴지의 투자사에서 130억을 투자받았고, 한국거래소, 삼성증권, 신한은행, 국민연금 등 국내 최정상의 금융회사에서 기술력을 인정받아 솔루션을 제공하고 있습니다.

10년차 스타트업으로, 2023년 월 기준으로 손익분기점을 넘었고, 현재 상장을 준비(2025년 상장 심사 청구 예정) 하고 있습니다.","ㆍK-IFRS 기반의 회계 결산
ㆍ외부감사 수검 및 대응
ㆍ자금 출납 및 운용 실무
ㆍIPO 관련 업무","ㆍ학사 이상
ㆍ전공 무관
ㆍ경력 무관
ㆍK-IFRS에 대한 전문지식을 보유한 분
ㆍ논리적 사고에 의한 문제해결 능력이 뛰어난 분
ㆍ친화력이 좋고 커뮤니케이션 스킬이 우수한 분","ㆍ스타트업 경험 우대
ㆍ회계/세무 관련 자격증 보유자 우대","• 업계 최고 수준의 연봉
• 최고급 하드웨어 및 소프트웨어 제공 ( 1인당 350만원 상당 )
• 도서, 워크샵, 세미나 등 업무 교육비 100% 지원
• 100만원 상당의 건강 검진 지원 ( 연 1회 )",,"커피·스낵바, 보너스, 자기계발지원, 유망산업, 50명이하, AI 선도 기업, 연봉상위6~10%, 인원 급성장, 설립10년이상, 워크샵",상시채용,,서울,딥서치
IR 담당자 [IR파트],"[모두가 나답게 일하고 성장할 수 있는 세상을 만들어 갑니다.]
원티드랩은 일하는 사람들의 미래를 만드는 HR테크 기업입니다. 2015년 채용 서비스 원티드를 선보인 후 1,000만 건 이상의 매칭 데이터를 쌓았고 이를 바탕으로 AI 매칭 알고리즘을 개발해 합격률을 일반 지원 대비 4배 이상 높였습니다. 이외에도 교육 프로그램, 프리랜서 매칭 플랫폼, HR 솔루션 등 일과 관련된 다양한 서비스를 제공하고 있습니다.

[원티드랩의 미션과 비전]
- 미션 : 일하는 사람들의 더 멋진 내일을 돕는다.
- 비전 : HR 혁신을 주도하여 사람들의 잠재력을 극대화하는, 'Beyond HR' 서비스

[원티드랩의 일하는 방식, Wanted Way]
- 성장지향(Growth Mindset) : 할 수 있다는 마음으로, 중요하고 어려운 미션에 기꺼이 도전하고 주도한다.
- 린한실행(Lean Action) : 바로 시작하고, 피드백과 데이터를 빠르게 반영하여, 최선의 방안을 찾아간다.
- 프로다움(Professionalism) : 치열하게 논의하고, 동의하지 않아도 높은 책임감, 품질, 속도로 팀 성과에 헌신한다.

[원티드랩 팀 블로그]
-","• HR 테크 기업의 IR 전략 수립 및 실행
• 정기 및 수시공시 포함한 공시 자료 작성 및 대응
• 이사회 및 주주총회 관련 GS 업무
• 투자자 대상 IR 활동","• 상장사 IR 관련 업무 3~5년 이상 경력이 있으신 분
• 자본시장 (금융기관 및 한국거래소 등) 협업 관련 경력이 있으신 분
• 원활한 대/내외 커뮤니케이션 능력을 보유하신 분","• IPO 직간접적인 경험이 있으신 분
• 투자자문사, 자산운용사 경력이 있으신 분","[업무 효율 및 몰입을 위한 기본 정책]
- 선택적 근로시간 제도 운영(10시~17시 코어타임)
- 모션 데스크, 트리플 모니터, 집중 업무공간 등을 갖춘 자율 좌석
- 전사 OKR 수립으로 명확한 비전 공유, 효과적-효율적인 업무 관리
- 월 3회 전사미팅을 통해 활발한 협업과 정보 공유
- 연 2회 조직문화 서베이 시행, 업무 환경 및 제도 고도화

[성장과 자기 계발]
- 일한만큼 보상하는 커리어 성장 제도를 통한 파격적 연봉 인상 기회
- 외부 컨퍼런스, 교육 참석 및 업무 관련 자격증 취득 비용 지원
- 스터디 그룹 운영비 지원 (도서 구입, 콘텐츠 구독 비용 등)
- 업무 및 성장 관련 도서 구매 무제한 지원
- 커리어 성장 니즈 설계 및 동기부여를 위한 리더-구성원의 1on1 지원
- 팀 빌딩, 리더십, 조직문화 활성화 등을 위한 다양한 교육 프로그램 

[업무 몰입을 위한 건강 관리 및 편의 지원]
- 서울의 대표 랜드마크 롯데월드타워 35층에 위치하여 쾌적하고 안전한 사무실
- 마음 Heal 프로그램 운영 (전문가 심리 상담, 진단, 해석 프로그램)
- 3, 5, 7년 만근 시 2주의 유급 리프레시 휴가
- 스스로 계획하여 자유롭게 사용할 수 있는 휴가 (반반차 제도 운영)

[원티드랩의 문화, 제도, 일하는 방식 더 자세히 확인하기 : https://blog.wantedlab.com/recruit/culture]",서류 전형-1차 면접(직무 적합성)-2차 면접(조직 적합성)-레퍼런스 체크-처우협의&입사일 조정,"장비지원, 건강검진지원, 자유로운휴가, 식대지원, 커피·스낵바, 연봉상위2~5%, 51~300명, 설립4~9년, AI 선도 기업, 누적투자100억이상",상시채용,"신속 간결한 스타일, 과정 중심 질문, 친절/따뜻한 스타일, 자유롭고 편한 환경",서울 송파구,원티드랩
[경영기획팀] IR Manager,"한국신용데이터(KCD)는 데이터를 바탕으로 사업의 모든 순간을 더 쉽게, 더 빠르게, 더 똑똑하게 만드는 생태계를 일궈냅니다. 경영관리 서비스 ‘캐시노트’는 150만여 사업장(2024년 7월 기준)에 도입돼 소상공인의 디지털 데이터 인프라의 사실상 표준으로 자리했으며, 한국결제네트웍스(VAN/PG), 한국평가정보(개인사업자 신용평가), 한국비즈커넥트(소상공인 교육), 아임유(POS) 등 KCD 공동체사와 함께 약 220만 사업장에 서비스를 공급하고 있습니다. 2023년 8월 개인사업자를 대상으로 사업을 영위하는 회사로서는 국내 최초의 유니콘 기업의 자리에 올랐습니다.

KCD의 투자 유치는 자본 제휴를 통한 소상공인/자영업자 비즈니스 생태계 강화로 연결됩니다. 2016년 설립 이후 싱가포르 국부펀드 Temasek(Pavilion Capital), 글로벌 투자회사 Morgan Stanley(Tactical Value), 글로벌 결제회사 Fiserv와 같은 해외 투자자와 국내 업계를 선도하는 KB국민은행, 신한카드, LG유플러스, GS, 한화생명 등 국내 투자자로부터 3,100억 원 이상의 투자를 유치했습니다.

KCD는 사업의 모든 순간, 누구나 기술 혜택을 누리는 세상을 꿈꿉니다. 이 여정을 함께할 동료를 기다립니다.","- 국내외 정보기술·데이터 산업, 자본시장, 그리고 사업전략에 대한 깊은 이해를 기반으로.
한국신용데이터의 사업 방향에 잘 정렬될 수 있는 재무적(FI)·전략적 투자자(SI) 후보군의 탐색과 발굴, 그리고 인바운드 제안에 대한 검토와 필요시 미팅을 통한 판단 
한국신용데이터가 사업을 영위하거나 진출을 검토하는 국가의 정보기술·데이터 산업의 주요 흐름, 자본시장 내 이벤트, 경쟁현황 등 사업에 영향`을 주는 이슈들에 대한 재무적·전략적 관점의 분석과 공유

- 투자자 후보군과의 관계 구축, 실사, 딜 클로징, 그리고 관리에 이르는 프로세스 전반에서.
로드쇼를 포함한 주요한 자금조달 이벤트를 기획하고 운영하며, 축적된 네트워크를 활용해 자본 시장에서 한국신용데이터의 존재감을 제고 
내부 부서 협업하여 투자 관계업무 관점에서의 데이터 룸을 셋팅하고, 시장조사 기관을 포함한 외부 네트워크를 통해 회사가 시장 현황에 정확한 이해를 가질 수 있도록 담보하며, 핵심 주제와 이야기(equity story)가 잘 반영된 투자 관련 문서를 작성
투자자와 애널리스트 커뮤니케이션의 주된 카운터파트로써, 회사의 전략과 성과가 자본시장에 매끄럽게 전달될 수 있는 재무 커뮤니케이션 전략과 실행을 책임
회사 성과에 대한 외부 이해관계인 공유가 적시에 될 수 있도록 경영진과 재무회계팀 담당자가 관련 업무에 효과적으로 참여하는 것을 조율하며, 이사회와 주주 참여 이벤트(investor day 등)의 운영 지원

- 재무회계팀과 함께 5개년 이상 재무계획 수립하여 투자자에게 업데이트 및 funding needs 파악
비즈니스 / 시장 기회를 평가하고 우선 순위 결정을 통해, 경영진이 최적의 경영자원 배분 의사결정 할 수 있도록 지원
예산 책정, 예측 및 월간보고 프로세스 구성 및 주요 지표의 정확성과 예상가능성 확보.
계획과 실적의 비교분석을 통해 적시에 경영진의 의사결정을 돕고 실적달성을 위한 업무진행
모회사와 자회사의 연간/ 반기/ 월 재무계획 수립 과정을 리드

- 투자 전략 파트너
사업확대/경쟁력강화 위한 전략적 투자/인수 검토 및 경영진에 전략적 제안
투자대상 기업 재무분석 및 사업성평가 (수익성 평가 및 재무적 검증) 관리
신규사업 후보군 타당성 검증 및 초기 육성 방안 수립/실행
자회사/피투자 회사 사업전략 및 성과 모니터링, 리스크 모니터링 및 사후 효과 검증","• 투자자 관계업무를 5년 이상 맡았고, 빠르게 성장하는 기업에서의 자금조달을 경험하신 분 
• 사업전략 수립, 재무 모델링과 숫자, 분석적 사고, 그리고 커뮤니케이션에 강하신 분
• 영어로 비즈니스 커뮤니케이션(시뮬레이션, 문서, 구두)을 매끄럽게 할 수 있는 분
• 데이터베이스에 직접 접속하여 분석하는 일이 어렵지 않다고 여기는 분
• 변화하는 환경에서 우선순위를 조율하고 일하는 것이 편하신 분","• 정보기술 회사를 창업했거나 초기에 재직하며 사업기획 업무를 3년 이상 수행한 경험
• 컨설팅 혹은 투자회사 프론트 오피스에서 정보기술 섹터를 3년 이상 담당한 경험 
• 영어 이외에 중국어 혹은 일어도 비즈니스 커뮤니케이션 레벨로 능숙하게 할 수 있는 분 
• 영미권에서 MBA 과정을 마쳤거나, 해외 근무 경험이 3년 이상 있는 분","소수 정예로 확장 가능한 사업을 영위하기 때문에 많은 시간을 들여 최고 수준의 역량을 보유한 분을 모시고 있습니다. 가파른 성장과 안정적인 재무구조는 경쟁력 있는 보상 수준을 지속할 수 있게 해주기에 업계 최고 수준의 보상 및 건강한 복지제도를 제공해드리고 있습니다.

한국신용데이터의 복지는 Physical, Mental, Financial 이 세가지에 주안점을 두고 있으며, 구성원들이 업무에만 몰입할수 있는 환경 조성에 힘쓰고 있습니다.
• 2년주기 언제든 연계제휴병원에서 가족 건강검진(배우자 부모님까지) 프로그램 제공
• 입사시 구성원 실손의료비보험 가입 제공
• 전국최대규모 심리상담업체를 통한 심리상담 프로그램 제공
• 구성원 개인의 재무적 건강을 위해 전문업체를 통해 세무/재무 컨설팅을 지원
• 쾌적한 공간: 공기질 모니터링(Awair Enterprise)과 공조 준자동화, 분리수거 공간 일 2회 정돈 등
• 업무공간의 생산성: 회의공간의 생산성을 높일 수 있는 장치 구비(유/무선 연결, 어댑터 여분, 판서도구와 배선정돈), 조명 등
• 최신형 업무 장비 제공: 최신형 노트북 선택, 듀얼모니터, 스탠딩데스크 등 장비 제공
• 주차: 오피스 건물내 주차 또는 개별 주차장 주차시 주차비 일부지원","• 경력 위주로 작성된 지원서(이력서 및 경력기술서 or 포트폴리오)를 준비하고 지원하기
• KCD 인재영입 매니저와의 Tea Time
• 지원자와 해당 포지션의 Hiring Manager가 서로를 알아가는 시간인 Casual Talk
• 인재영입 Mini Project
• 지원하신 분야에 관계된 작은 프로젝트를 드리고, 해당 프로젝트 결과물을 중심으로 직군인터뷰 절차를 갈음 합니다.
• 지원하신 분이 재직 중임을 전제했을 때 주중 저녁과 주말에 시간을 내신다면 통상적으로 1~2주 내외(10~20시간)가 소요됩니다.
• 결과와 무관하게 소요하신 시간에 대해서는 적합한 보상을 해드립니다.
• 완성된 프로젝트 구현 결과를 중심으로 해당 팀과 함께 랩업미팅을 진행합니다.
• Team Interview
• 협업이 있는 타부서 리더 및 CEO가 참석하는 최종 인터뷰를 진행합니다.


※ 모든 절차는 오피스 방문 없이, 화상으로도 진행 가능합니다.
※ 상세 프로세스는 서류합격자에게 별도 안내 예정입니다.
※ 상황에 따라 프로세스가 일부 변경될 수 있습니다.","자기계발지원, 식대지원, 커피·스낵바, 보너스, 건강검진지원, 장비지원, 의료비지원, 51~300명, 설립4~9년, 연봉상위2~5%, 누적투자100억이상, AI 선도 기업, 인원 급성장",상시채용,"신속 간결한 스타일, 과정 중심 질문, 친절/따뜻한 스타일, 자유롭고 편한 환경",서울 강남구,한국신용데이터(KCD)
해외자회사 결산담당자,"23시 59분, 소비자와 함께하는 모든 순간을 위해 최고의 제품을 만드는 D2C Company 이삼오구입니다.

이삼오구는 다양한 브랜드의 특색 있는 제품들과 온라인 마케팅 역량을 바탕으로 매년 폭발적인 성장을 이뤄내고 있습니다.

현재 이삼오구는 14개 이상의 브랜드를 보유하고 있으며, 지속적으로 신규 브랜드를 런칭 하고 있습니다.

• 합리적 프리미엄을 표방하는 건강식품 브랜드 '웰릿'
• 독보적 기술 기반의, 과학적 전문성을 갖춘 셀프 페미닌 케어 브랜드 '메디온'
• 일상의 프로다움을 추구하는 피지컬 헬스케어 보충제 브랜드 '프로뉴트리션'
• 일상의 다양한 영역에서 특별함을 더해주는 뷰티/생활용품 브랜드 '데일리원더'
• 아이 일상의 모든 영역을 챙기는, 유아 용품 브랜드 '하우스윗'
• 전문성을 바탕으로 트렌디한 해결책을 제안하는 구강케어 전문 브랜드 '클리너리'
• 피부의 근본적인 문제를 해결하는 연구 기반 더마 코스메틱 브랜드 '셀라딕스'
• 한끗 다른 차이를 지향하는 남자들을 위한 데일리 코스메틱 브랜드 '히든'
• 기능성과 재미를 추구하는 반려동물 제품 브랜드 '픈픈'
• 여성의 외면을 넘어 내면까지 건강하게 관리할 수 있는 여성 이너케어 브랜드 '큐리셀'
• 우수한 기능과 미학적으로 유효한 제품을 제시하는 체형 교정 제품 브랜드 '코렉투아'
• 곱슬머리를 가진 분들께 탱탱하고 매력넘치는 머릿결을 선사하는 헤어 코스메틱 브랜드 '올웨이즈 컬리'
• 마이크로바이옴 코스닥 1호 상장사 비피도와 함께 선보이는 비피더스균 전문 브랜드 '비피젠'
• 독자적인 소재를 기반으로, 중장년층의 피부 고민을 해결해주는 스킨케어 브랜드 '오이아'
• 이외 소비자 일상 속 다양한 영역의 브랜드를 보유하고 있습니다.

이삼오구와 함께 D2C 비즈니스의 최전선에서 도전과 성장의 여정에 동참하실 분들을 기다립니다.
빠른 호흡과 다양한 제품군, 다양한 형식의 컨텐츠와 게재 지면을 활용한 마케팅 등 짧은 시간 내에 큰 성장을 할 수 있는 기회가 누구에게나 열려있습니다.

- 이삼오구, 신사옥 이전으로 혁신적인 업무환경 구축 및 유연근무제 시행 :","1. 해외 자회사 회계/결산 마감 관련 업무 수행(월 단위)
2. 현지 세무 신고 및 법인세 신고 대응
3. 회계감사 대응 및 관련 이슈 검토
4. 해외법인 현금흐름 및 손익관리","1. 해외자회사 결산업무 경험이 있으신 분 (2~5년차)
2. 다양한 부서와 커뮤니케이션하며 원활한 업무 진행 경험이 있으신 분
3. 회계, 세무에 대한 전문 지식을 보유하신 분
4. 결산 체계를 만들고 효율화해본 경험이 있으신 분
5. 본인이 맡은 업무에 대해서 주도적/능동적으로 업무를 수행하는 것에 매력을 느끼시는 분","1. 비즈니스 영어가 가능하신 분
2. Excel을 능숙하게 다르시는 분
3. 더존 아이큐브 사용 사용 경험이 있으신 분
4. D2C 비즈니스 및 온라인 커머스 재직 경험이 있으신 분

해당 내용은 우대사항임으로, 자격 요건이 충족된다면 많은 지원 부탁드립니다.","[문화｜이삼오구가 일하는 방식]
1. 주도적으로 일하고 자율적으로 업무를 관리해요
  •  월~목 11:00-17:00 / 금 11:00-16:00 코어타임을 활용한 유연근무제 운영
  •  일 기본 8시간 근무, 월-목 연장근무 시 금요일 2시간 조기퇴근 가능

2. 성장 지향적으로 사고해요
  •  1on1 미팅을 통한 지속적으로 업무 성과 및 성장에 대해 회고 및 피드백
  •  정기 팀장on팀원 원온원, 수습기간 조직문화 리뷰, HR과의 커피챗 등 

3. 투명하게 정보를 공유하고 합리적으로 소통해요
  •  오픈 커뮤니케이션 추구, 다양한 소통 창구 보유
  •  노션 / 슬랙을 통한 전체 정보 공유, Town hall Meeting(전사회의) 등 

[복지｜이삼오구가 생활하는 환경]
1. 쾌적한 업무 공간 지원
• 사옥 카페/라운지/테라스/루프탑 보유
• 구성원을 위한 사내 바리스타 보유 / 카페 음료 무제한 제공

2. 성장에 대한 지원
• 업계 최고 수준의 장비 제공(직무에 따라 상이)
• 직무 관련 교육 비용 무제한 제공(온/오프라인 강의, 도서, 세미나, ...)

3. 가정과 일상/쉼에 대한 지원
• 점심 제공, 다양한 맛있는 간식 무제한, 야근 시 야근 식대 제공
• 연차, 반차, 반반차 자유로운 사용, 연차 미사용 시 미사용 연차수당 지급
• 생일자 유급 반차/생일 축하금, 경조휴가/경조금
• 자사몰 복지포인트 연간 240만원 지급
• 명절 보너스 지급 & 연휴 전날 조기 퇴근
• 3년 이상 장기 근속시 리프레시 휴가 2주 제공
• 웰컴키트 제공(자사 전제품 중 30 항목, 100만원 상당)

4. 소통과 교류를 위한 지원
• 매월 팀 회식비, 신규입사자 팀 식사비, 매월 1회 전사 랜덤회식","1. 서류 접수
    - 원티드 내 지원하기를 통해 자기소개서 혹은 이력서를 제출해주세요.
    - 포트폴리오가 있으신 경우, 함께 제출 부탁 드립니다.
2. 1차 면접
    - CFO와의 1:1 대면 면접으로 진행됩니다.
    - 지원자님의 실무 역량 및 이삼오구와의 컬처핏을 확인합니다.
    - 30분 ~ 1시간 내외로 진행됩니다.
3. 2차 면접
    - 공동 대표 중 1분인 CEO, CSO와의 1:2 대면 면접으로 진행됩니다.
    - 지원자님과 이삼오구의 컬처핏을 확인합니다.
    - 30분 ~ 1시간 내외로 진행됩니다.
4. 결과 발표
5. 처우 협의: 협의 후 입사가 확정되면 입사 절차가 진행됩니다.","자유로운휴가, 커피·스낵바, 보너스, 복지포인트, 식대지원, 51~300명, 설립4~9년, 참 괜찮은 중소기업, 유연근무",상시채용,,서울 강남구,이삼오구
Straregic Finance Manager [FP&A],"[토스페이먼츠를 소개해 드려요]
• 토스페이먼츠는 사업의 어려움과 비효율을 이해하고, 기술부터 운영까지 사업에 필요한 모든 솔루션을 제공하는 것을 목표로 합니다. 소비자들에게 쉽고 편한 서비스 경험을 제공하고, 가맹점들에는 오직 사업에만 집중할 수 있는 환경이 보장되는 제품을 만들고 있어요.
• '전자결제 시장 혁신'을 핵심 목표로 자율과 책임의 원칙 아래, 강력한 상호 신뢰의 문화 속에서 일하고 있어요. 결제 산업의 미래를 함께 만들어 갈 동료를 기다리고 있어요.

[합류하게 될 팀에 대해 알려드려요]
• 전략팀과 사업계획 및 OKR 수립, 계열사 Finance 팀과 연결회계 및 내부거래에 대해, Sales 팀 및 Legal 팀과는 계약 검토에 대해, Data 팀과는 재무분석에 대해 협업해요.
• Straregic Finance Manager [FP&A]는 단순한 회계 업무가 아닌, 사업자를 위한 새로운 결제 서비스를 제공하는 회사의 재무를 담당하는 중요한 역할을 맡고 있어요.","[합류하면 함께할 업무예요]
• 토스페이먼츠의 장단기 재무성과를 예측하여 재무 계획을 수립하고, 실적과 비교 분석해요.
• 제품 및 서비스의 전략과 이니셔티브에 대한 재무 모델링 및 시나리오를 분석하고, 토스페이먼츠의 전략에 맞는 의사결정이 가능하도록 인사이트를 제공해요.
• 신규 비즈니스, 투자에 따라 예상되는 손익을 검토하고, 사업별 최적의 재무지표를 발굴하고 지속 트래킹 해요.
• 재무 추정의 계획과 실적 간의 Gap을 측정하고 원인을 분석하여 대응 방안 수립에 기여해요.
회계, 세무, 자금 등 다양한 재무영역에 대한 협업하고, 의사결정에 참여해요.","[이런 분과 함께하고 싶어요]
• 5년 이상의 사업기획/관리, 경영전략, FP&A/Controlling 경력을 갖고 계신 분이 필요해요.
• 스타트업/신사업 재무 모델링 혹은 사업계획을 작성해보신 경험을 해보신 분이면 좋아요.
• 결제서비스 또는 제조영역에서 재무 영역을 다루신 경험이 있으시면 좋아요.
• 재무 모델링을 통해 사업 전략에 따른 재무적 영향도를 추정해 본 경험이 있으시면 좋아요.
• 회계 결산 및 결산 영역의 프로세스에 대한 경험이 있으시면 좋아요.
• 예산 관리 프로세스 수립 및 실행 경험이 있으시면 좋아요.
• 회계, 세무, 자금 경험이나 이해가 있으시면 더욱 좋아요.","[이렇게 일해요]
• 자율과 책임의 문화: 토스는 Manager가 아닌 Maker들로 구성된 조직으로, 투명한 정보 공유와 수평적인 문화 속에서 구성원 업무에 대한 위임과 신뢰를 바탕으로 세상을 변화 시켜 나가고자 합니다.
• 효율적인 업무방식: 가장 중요하고, 큰 영향을 미칠 수 있는 일에 집중합니다. 획일적인 업무 프로세스보다는 데이터 기반의 사고로 적극적으로 토론하며, 가장 효율적인 문제 해결을 위해 협업하고 실행합니다.
• 훌륭한 팀과 동료: 각 분야 최고 수준의 역량을 갖춘 인재들이 자율과 책임의 원칙 아래 뛰어난 역량을 발휘하고 있습니다.

1. 자율과 효율의 근무 환경을 제공합니다.
• 자율 출퇴근 제도
• 자율 휴가 / 재택근무
• Early Friday & OFF Week

2. 업무와 성장에 몰두할 수 있게끔 지원합니다.
• 비포괄임금제 운영
• 업무 관련 비용 100% 지원
• 최고급 장비 및 소프트웨어 제공
• 반기별 성과급 지급
• 매월 통신비 및 체력단련비 지원
• 명절 상여금 및 생일축하비
• 직장단체보험비(가족 포함) 및 경조사비
• 인재추천비 500만원

3. 먹고 마시는 것까지 회사가 책임집니다.
• 법인카드 전원 지급 (점심/저녁 식사비용, 야간교통비 등 100% 지원)
• 사내카페 커피 Silo 무료 이용
• 사내 편의점, 헤어살롱 등 복지시설 무료 이용","[토스페이먼츠로의 합류 여정]
• 서류접수 ＞ 직무 인터뷰 ＞ 문화 적합성 인터뷰 ＞ 레퍼런스 체크 ＞ 처우 협의 ＞ 최종 합격 및 입사",,"단체보험, 편의시설, 보너스, 커피·스낵바, 설립4~9년, 유급휴가, 301~1,000명, 인원 급성장, 누적투자100억이상, 재택근무, 통신비",상시채용,"신속 간결한 스타일, 과정 중심 질문, 친절/따뜻한 스타일, 자유롭고 편한 환경",서울 강남구,토스페이먼츠
Treasury Manager,"[토스페이먼츠를 소개해 드려요]
• 토스페이먼츠는 사업의 어려움과 비효율을 이해하고, 기술부터 운영까지 사업에 필요한 모든 솔루션을 제공하는 것을 목표로 합니다. 소비자들에게 쉽고 편한 서비스 경험을 제공하고, 가맹점들에는 오직 사업에만 집중할 수 있는 환경이 보장되는 제품을 만들고 있어요.
• '전자결제 시장 혁신'을 핵심 목표로 자율과 책임의 원칙 아래, 강력한 상호 신뢰의 문화 속에서 일하고 있어요. 결제 산업의 미래를 함께 만들어 갈 동료를 기다리고 있어요.

[합류하게 될 팀에 대해 알려드려요]
• Treasury Manager 포지션은 토스페이먼츠 Finance Tribe내에 속해있어요.
• Treasury Team은 토스페이먼츠 전체의 Cashflow를 관리해요. 자금 입/출금 관리 및 가용자금 파악, 장/단기 금융상품 운용을 하고 있어요.
• 자금 계획을 수립하고, 실적 관리 또한 하고 있어요.
• 각종 자금 관련 관계기관 소통, 내부 조직, 은행/증권사 등 외부 금융기관과도 긴밀한 커뮤니케이션을 하고 있어요.","[합류하면 함께할 업무예요]
• 토스페이먼츠의 원화 및 외화 출금건들에 대해 리뷰하고 집행해요.
• 자금 관련 결산도 수행해요.
• 매일 계좌별 여유자금을 모아 운용하는 자금마감 업무를 해요
• 담당하게 되는 업무들에 대해 프로세스 개선 노력을 함께해요
• 가용자금 기준으로 Cash Flow 예측과 계획, 모니터링 및 트래킹을 진행해요
• 향후 자금운용, 자금조달, cashflow 관리 등의 업무로 확장할 수 있어요","[이런 분과 함께하고 싶어요]
• 자금 업무를 3년 이상 수행하신 분이어야 해요.
• 자금업무와 관련된 기본적인 회계지식은 필요해요.
• SAP 활용 경험이 있으면 좋고, EXCEL을 잘 다루시면 도움이 되요.
• 결제서비스, 플랫폼 회사 등 정산 자금에 대해 이해가 있으신 분이면 더욱 좋아요.
• 회사 내부, 외부에서 새로운 관계를 형성하고 유지하는데 부담 없는 분이면 더욱 좋아요.
• 본인의 업무에 대해 책임감을 가지고, 주도적으로 필요한 업무를 발굴하고, 끊임없이 개선하려는 노력을 하시는 분이면 좋겠어요.
• 금융권과의 우호적인 관계를 형성하여 합리적인 조달/운용을 해본 경험을 가지신 분이면 더 좋아요.","[이렇게 일해요]
• 자율과 책임의 문화: 토스는 Manager가 아닌 Maker들로 구성된 조직으로, 투명한 정보 공유와 수평적인 문화 속에서 구성원 업무에 대한 위임과 신뢰를 바탕으로 세상을 변화 시켜 나가고자 합니다.
• 효율적인 업무방식: 가장 중요하고, 큰 영향을 미칠 수 있는 일에 집중합니다. 획일적인 업무 프로세스보다는 데이터 기반의 사고로 적극적으로 토론하며, 가장 효율적인 문제 해결을 위해 협업하고 실행합니다.
• 훌륭한 팀과 동료: 각 분야 최고 수준의 역량을 갖춘 인재들이 자율과 책임의 원칙 아래 뛰어난 역량을 발휘하고 있습니다.

1. 자율과 효율의 근무 환경을 제공합니다.
• 자율 출퇴근 제도
• 자율 휴가 / 재택근무
• Early Friday & OFF Week

2. 업무와 성장에 몰두할 수 있게끔 지원합니다.
• 비포괄임금제 운영
• 업무 관련 비용 100% 지원
• 최고급 장비 및 소프트웨어 제공
• 반기별 성과급 지급
• 매월 통신비 및 체력단련비 지원
• 명절 상여금 및 생일축하비
• 직장단체보험비(가족 포함) 및 경조사비
• 인재추천비 500만원

3. 먹고 마시는 것까지 회사가 책임집니다.
• 법인카드 전원 지급 (점심/저녁 식사비용, 야간교통비 등 100% 지원)
• 사내카페 커피 Silo 무료 이용
• 사내 편의점, 헤어살롱 등 복지시설 무료 이용","[토스페이먼츠로의 합류 여정]
• 서류접수 ＞ 직무 인터뷰 ＞ 문화 적합성 인터뷰 ＞ 레퍼런스 체크 ＞ 처우 협의 ＞ 최종 합격 및 입사",,"단체보험, 편의시설, 보너스, 커피·스낵바, 설립4~9년, 유급휴가, 301~1,000명, 인원 급성장, 누적투자100억이상, 재택근무, 통신비",상시채용,"신속 간결한 스타일, 과정 중심 질문, 친절/따뜻한 스타일, 자유롭고 편한 환경",서울 강남구,토스페이먼츠
기업연구소 경영(연구)지원,"About Rafiq
라피끄는 2017년 첫 시작을 한 곳입니다. 화장품 제조를 메인으로 사업을 하고 있으며, 식물체 연화기술 뿐만 아니라 맥주박을 활용하여 제품들을 만들내면서 ESG와 업사이클링 관련된 제품들을 계속해서 출시를 하고 있습니다.

라피끄는 매번 빠르게 성장하고 있으며, 2025년에는 더 큰 도약을 위해 좋은 인재들을 모시기 위해 현재 움직이고 있습니다. 매년 빠르게 성장하고 있는 로켓에 합류를 해주신다면, 후회하지 않을 선택이 되실 것이라고 자부할 수 있을 것 같습니다.

TEAM INTRODUCTION
• R&D 관련 연구지원과 재무·자산·투자금 관리, 분기별 결산 업무를 주로 진행
• 그 외 회사 운영에 필요한 간단한 총무업무 (다과구비, 출퇴근관리 등)","•  정부 R&D사업 협약, 집행, 정산 관리 및 사업비 계상
•  연구지원기관 및 투자사 요청자료 대응
•  분기결산(1~4분기) 및 외부감사를 위한 자료취합
•  구매 및 대금결제
•  그 외 회사 내부 전반적인 운영에 필요한 업무","•  경력 1~5년 (사원~대리급)
•  기본적인 회계·재무·경영 관련 경험이 있으신 분
•  아래한글 문서 작업이 가능하신 분","•  위하고(스마트A10) 사용 가능하신 분
•  산학협력단 경력 보유자
•  RCMS, EZbaro 등 통합연구비관리시스템 사용 가능자
•  국가 R&D사업 협약, 정산, 성과관리 1사이클 이상 경험자","•  개인연차 차감 없는 생일휴가 지급
•  탕비실 다과 및 간단한 식사대용품 지원
•  업무관련 외부교육 지원
•  업무상 필요한 사무장비 필요 시 지원
•  연구과제 인센티브 지급",서류전형 -＞ 1차면접 -＞ 최종면접 -＞ 입사,"50명이하, 설립4~9년, 커피·스낵바, 보너스, 편의시설, 인원 급성장",상시채용,"세심한 스타일, 과정 중심 질문, 친절/따뜻한 스타일, 자유롭고 편한 환경",서울 관악구,라피끄
FinOps Manager,"[토스페이먼츠를 소개해 드려요]
• 토스페이먼츠는 사업의 어려움과 비효율을 이해하고, 기술부터 운영까지 사업에 필요한 모든 솔루션을 제공하는 것을 목표로 합니다. 소비자들에게 쉽고 편한 서비스 경험을 제공하고, 가맹점들에는 오직 사업에만 집중할 수 있는 환경이 보장되는 제품을 만들고 있어요.
• '전자결제 시장 혁신'을 핵심 목표로 자율과 책임의 원칙 아래, 강력한 상호 신뢰의 문화 속에서 일하고 있어요. 결제 산업의 미래를 함께 만들어 갈 동료를 기다리고 있어요.

[합류하게 될 팀에 대해 알려드려요]
• FinOps Manager 포지션은 토스 Finance Tribe내에 속해있어요. 재무팀이 적시에 정확한 재무정보를 제공할 수 있도록 시스템과 프로세스를 지속적으로 개선하는 업무를 담당해요.
• 토스페이먼츠의 Finance 팀은 자금, 회계/세무, FP&A 등의 역할을 수행하고, Settlement 팀과 함께 가맹점 정산 업무도 수행해요.
• 다양한 관련 부서와 협업을 통해 개선 프로젝트의 중심을 잡고, 성공적으로 안착할 수 있도록 변화를 주도해요.
• 토스페이먼츠의 Finance팀은 5년부터 10년 이상 경력의 팀원들로 구성되어 있으며, 스타트업, 회계법인, PG사 등 다양한 백그라운드를 갖고 있어요.","[합류하면 함께할 업무예요]
• 토스페이먼츠의 원화 및 외화 출금건들에 대해 리뷰하고 집행해요.
• 자금 관련 결산도 수행해요.
• 매일 계좌별 여유자금을 모아 운용하는 자금마감 업무를 해요
• 담당하게 되는 업무들에 대해 프로세스 개선 노력을 함께해요
• 가용자금 기준으로 Cash Flow 예측과 계획, 모니터링 및 트래킹을 진행해요
• 향후 자금운용, 자금조달, cashflow 관리 등의 업무로 확장할 수 있어요","[합류하면 함께 할 업무예요]
• 재무 시스템 및 프로세스, 그리고 재무와 연관된 전사 업무 프로세스에 대해 살펴보고, 비효율과 수기 작업을 최소화하여 적시에 정확한 데이터가 적재될 수 있는 방안을 모색해요.
• 타사 혹은 글로벌 Best Practice 등을 연구하여, 회사에 적용 가능한 부분을 추려내고, 현재 프로세스와 시스템과의 비교 분석을 통해 과제와 그 우선순위를 도출해요.
• 새롭게 도입되어야 하거나 고쳐야 하는 프로세스 및 시스템의 흐름도를 구체적으로 정의하여, 협업 대상인 현업, 제품 및 개발 조직과 논의해요.
• 구체적인 프로세스 및 시스템 변경 내용을 확정하여, 실제 구현 활동에서 계획대로 진행 되고 있는지, 새로운 문제 파악시 어떤 변경이 필요한지 고민해요.
• 새로운 프로세스 및 시스템 구축 과정에 의도된 대로 진행되고 있는지 모니터링 하고 테스트를 진행해요.
• 구축 완료 이후에는 변화 관리를 수행하며, 협업 부서에 변경 내용을 설명하고 가이드해요.
• 재무 관련 시스템 및 프로세스에 대해 지속적인 모니터링과 개선 활동을 진행하여, 업무 효율화와 적시에 정확한 재무 정보 제공에 기여해요.
• 재무 연관된 신기술 탐색, 업무 적용 과제 발굴, 업무 적용을 리딩해요.

[이런 분과 함께하고 싶어요]
• 결제서비스, 플랫폼 등의 회사에서 정산 및 정산 관련 재무 업무 시스템 및 프로세스 개선 경력을 갖고 계신 분이 필요해요.
• 5년 이상의 결제서비스, 플랫폼, 또는 제조 영역에서 재무 관련 프로세스와 시스템 영역을 다루신 경험이 있으시면 좋아요.
• 재무 및 재무 관련 전사 프로세스를 잘 알고 있고, 개선을 위해 To-Be 프로세스 맵을 구현하고 다양한 부서와의 협업을 통해 성공적으로 전환한 경험이 있으시면 좋아요.","[이렇게 일해요]
• 자율과 책임의 문화: 토스는 Manager가 아닌 Maker들로 구성된 조직으로, 투명한 정보 공유와 수평적인 문화 속에서 구성원 업무에 대한 위임과 신뢰를 바탕으로 세상을 변화 시켜 나가고자 합니다.
• 효율적인 업무방식: 가장 중요하고, 큰 영향을 미칠 수 있는 일에 집중합니다. 획일적인 업무 프로세스보다는 데이터 기반의 사고로 적극적으로 토론하며, 가장 효율적인 문제 해결을 위해 협업하고 실행합니다.
• 훌륭한 팀과 동료: 각 분야 최고 수준의 역량을 갖춘 인재들이 자율과 책임의 원칙 아래 뛰어난 역량을 발휘하고 있습니다.

1. 자율과 효율의 근무 환경을 제공합니다.
• 자율 출퇴근 제도
• 자율 휴가 / 재택근무
• Early Friday & OFF Week

2. 업무와 성장에 몰두할 수 있게끔 지원합니다.
• 비포괄임금제 운영
• 업무 관련 비용 100% 지원
• 최고급 장비 및 소프트웨어 제공
• 반기별 성과급 지급
• 매월 통신비 및 체력단련비 지원
• 명절 상여금 및 생일축하비
• 직장단체보험비(가족 포함) 및 경조사비
• 인재추천비 500만원

3. 먹고 마시는 것까지 회사가 책임집니다.
• 법인카드 전원 지급 (점심/저녁 식사비용, 야간교통비 등 100% 지원)
• 사내카페 커피 Silo 무료 이용
• 사내 편의점, 헤어살롱 등 복지시설 무료 이용","[토스페이먼츠로의 합류 여정]
• 서류접수 ＞ 직무 인터뷰 ＞ 문화 적합성 인터뷰 ＞ 레퍼런스 체크 ＞ 처우 협의 ＞ 최종 합격 및 입사",,"단체보험, 편의시설, 보너스, 커피·스낵바, 설립4~9년, 유급휴가, 301~1,000명, 인원 급성장, 누적투자100억이상, 재택근무, 통신비",상시채용,"신속 간결한 스타일, 과정 중심 질문, 친절/따뜻한 스타일, 자유롭고 편한 환경",서울 강남구,토스페이먼츠
VC투자심사역,"이앤벤처파트너스는 중견그룹인 이지홀딩스(구. 이지바이오)의 계열사로서 중소벤처기업 투자를 전문으로 하는 벤처캐피탈(창업투자회사) 입니다.
기술력과 성장성을 갖춘 중소벤처기업을 발굴하고 투자, 육성하는 벤처캐피탈로서 한국모태펀드, 한국산업은행, 한국성장금융투자운용 등의 정책출자자와 민간출자자의 출자를 받아 벤처투자 펀드를 운용중에 있습니다.

중소벤처기업의 초기∙중기 단계의 투자를 중심으로 Pre IPO 투자 등 투자대상 기업의 전주기에 대응하는 투자와 성장을 지원하는 업무를 해야 합니다.","중소벤처기업 투자심사, 벤처투자조합 결성 및 운용","임원급: 창업투자회사, 신기술금융회사, 증권사, 자산운용사 등 투자 및 IB 업무 5년이상 경력자
팀장급: 전기∙전자, 컴퓨터, 경영∙경제 전공자(학사 학위 이상) 및 관련 산업계 3년이상 경력자","임원급: VC투자경력, 대표펀드 매니저 경력자
팀장급: VC투자 및 IB경력, 이공계 석사학위이상 소지자","연봉외 별도 성과급 별도 지급
이지홀딩스 그룹 기준의 복리후생기준 적용(종합건강검진, 장기근속포상, 학자금지원, 경조사지원)",서류전형 - 1차면접 - 2차면접(심화면접),"건강검진지원, 보너스, 연봉상위11~20%, 50명이하, 설립4~9년, 인원 급성장",상시채용,,서울 강남구,이앤벤처파트너스
재무 회계,[하이컨시] 재무 회계 채용 (경력),"• 재무 관리 프로세스 고도화 (재무, 세무, 회계, 자금 등 전반적 관리 수행)
• 재무 회계 관련 내/외부 이슈 검토
• 내부 회계 관리 제도 관리
• 자금 집행 및 운용 관리","• 유관 경력 5 ~ 15년
• 대기업 및 중견기업 유관 부서 경력자","• KICPA/AICPA/CTA 보유자 우대
• 주도적인 업무 계획 및 문제 해결 능력 우수자
• 보고 및 문서 작성 능력 우수자","• 각종 경조사 지원
• 건강 검진 지원
• 장기 근속 포상 제공
• 생일 상품권 지급 + 생일 반차 제공
• 육아 교육비 + 자녀 학자금 지원","서류 전형 ＞ 컬처핏 테스트 ＞ 면접 전형 ＞ 최종 합격

• 근무형태 : 정규직 (수습기간 3개월, 필요 시 3개월 추가 진행)","자기계발지원, 연봉상위11~20%, 301~1,000명, 설립4~9년, 건강검진지원, 인원 급성장",상시채용,"신속 간결한 스타일, 과정 중심 질문, 진중/칼같은 스타일, 자유롭고 편한 환경",서울 강남구,하이컨시
Business Development/투자,[하이컨시] Business Development/투자 채용 (경력),"• 투자 발굴, 심사, 사후관리
• 투자 타당성 검토 및 가치평가 업무 (Financial Modeling)

※ (1) 부동산 / (2) 벤처(기업) 투자 분야별 채용","• 유관 경력 5 ~ 15년
• 자산운용사 및 PE/VC 경력자
• 투자실무(밸류에이션, 계약체결, 일정관리 등) 경험자","• KICPA/AICPA 보유자 우대
• 신기술금융사, 은행/증권업 IB 경력자 우대","• 각종 경조사 지원
• 건강 검진 지원
• 장기 근속 포상 제공
• 생일 상품권 지급 + 생일 반차 제공
• 육아 교육비 + 자녀 학자금 지원","서류 전형 ＞ 컬처핏 테스트 ＞ 면접 전형 ＞ 최종 합격

• 근무형태 : 정규직 (수습기간 3개월, 필요 시 3개월 추가 진행)","자기계발지원, 연봉상위11~20%, 301~1,000명, 설립4~9년, 건강검진지원, 인원 급성장",상시채용,"신속 간결한 스타일, 과정 중심 질문, 진중/칼같은 스타일, 자유롭고 편한 환경",서울 강남구,하이컨시
Onchain Data Analyst (퀀트 리서처),"하이퍼리즘은 세계 최고 수준의 엔지니어들로 구성된 아시아 최고의 암호화폐 금융 서비스를 제공하는 기업입니다.

• 최고의 팀: 국내외 유수 대학과 기업 출신의 엔지니어, 트레이더, 리서처, VC 심사역, 법무/재무/회계 전문가 등 각 분야 전문가로 구성되어 매우 높은 인재 밀도
• 최고의 기술: 고도화된 트레이딩 시스템과 금융 모델을 직접 설계하고 개발
• 최고의 투자자: 삼성, 카카오, 네이버, 해시드, GS그룹, VIP자산운용, Coinbase 등으로부터 누적 200억 원 이상의 투자 유치
• 핵심 서비스: 기관투자자들을 대상으로 하는 암호화폐 금융 서비스 제공
• 글로벌 사업: 한국 외 미국, 일본, 홍콩, 싱가포르 등의 주요 기관 투자자들의 자금을 6년 이상 안정적으로 운용
• 탄탄한 입지: 가상자산사업자(VASP) 등록, 6년 이상의 견고한 트랙 레코드, 국내 및 일본의 강력한 기관 네트워크


[자산운용팀 소개]
자산운용팀은 크립토 시장의 비효율을 해결하고 시장으로부터 알파를 추출하기 위해 노력합니다.","• 알파 사전/사후 분석을 위한 시장 데이터 관리
• 듄을 활용한 온체인 데이터 가공 및 시각화","• 아래 기술 스택 보유자 
   • Python 및 Typescript: 인하우스 툴 및 각종 스크립트
   • Git, Docker, Dune

""주민번호, 현재 연봉 및 희망 연봉 등의 민감 개인정보는 삭제 또는 마스킹 후 제출해 주시기 바랍니다""","• 솔리디티 스마트 컨트랙트 작성 능력
• 고도화된 온체인 거래를 위한 솔리티디 스마트 컨트랙트 배포 및 디버그","• 고수준의 기본급 보장
• 회사 수익에 따라 매년 업계 최고 수준의 성과급을 지급
• 뛰어난 성장성과 높은 퍼포먼스를 보여주는 분께는 스톡옵션 지급

[업무 환경] 
• 근무시간 : 09:00 ~ 18:00
• 야근 없고 자유로운 분위기의 사무실
• 넉넉한 점심 식대 제공
• 도쿄 본사 크로스 오피스 근무 지원 (반기 1회, 1달 이내, 체류비 지원)
• 서울대입구역 도보 7분 : 서울 관악구 관악로 116 학선빌딩 2층
• 16인치 MacBook Pro (Apple Silicon) 및 4k 모니터 제공
• 자기계발비 연간 최대 100만원 지원",,"Git, Python, TypeScript, Docker",,,서울 관악구,하이퍼리즘
재무회계 팀장급,"따스한놈들은 투자 지주사로 사람에게 투자한다는 철학을 바탕으로 2015년부터 지속적으로 투자를 이어왔으며, 2019년 법인 설립이후 더 많은 사람들과 다방면의 회사들에게 투자를 해오고 있습니다.

※ 2025년 3월, 서울 구로구로 사무실 이전 예정입니다.

재무회계 팀장급
- 차,부장급 경력 12년 이상
- 연봉 6000 ~ 7500만원 협의가능","[ 재무•자금 업무 총괄 ]
- 본사 및 계열사 재무 업무 총괄
- 자금 흐름 관리 및 개선
 단기 대여 자금 관리
 투자 대상별 계약 관리
- 재무 리스크 관리 및 모니터링
- 협약 세무사 등과 세무업무 대응
- 자체 기장

[ 신설팀 업무 프로세스 및 조직 관리 ]
- 투자 및 관리 프로세스 정비/개선
- 신규 사업 리서치 및 자금 집행 서포트","- 국내외 학사 이상 
- 재무•자금 관련 경력 10년 이상
- 팀 리더 경력 3년 이상
- 재무회계 업무 전반에 대한 전문지식
- 자금 흐름 관리에 대한 이해
- 자체 기장 및 세무 관련 이해도","- 숫자에 꼼꼼하시고 책임감 있으신분
- 장기근속 가능하신분","- 경조사비 지원
- 명절선물 지원
- 생일자 반차 지급",서류전형 - 면접 - 최종합격,"커피·스낵바, 50명이하, 설립3년이하, 인원 급성장",상시채용,,서울,따스한놈들
CIO(투자담당),"‘딜리버리랩’은 폐쇄적인 유통시장을 혁신하기 위해 모인 히어로들이 수많은 역경을 이겨내며 함께 성장하는 조직이에요. 서로 배울 수 있는 히어로가 많은 회사를 만들어가고 싶어요.
우리는 서로 존중하며 근무하기 위해 모든 일을 책임감을 갖고 진행하며 이를 통해 다른 히어로들의 신뢰를 얻으며 일해요.
상대방을 이해시키는 바른 커뮤니케이션을 지향하며 동료도 고객도 존중하실 수 있는 히어로를 기다려요!

[기업소개]
딜리버리랩은 '외식업 자영업자들에게 기술적 공헌을 하는 히어로'라는 미션을 가지고, 외식산업이 혁신성을 갖추어 성장할 수 있도록 도움을 주는 푸드테크 개발에 집중하고 있습니다.

딜리버리랩은 미션 달성을 위한 첫번째 서비스 ‘식자재 통합 중개 플랫폼, 오더히어로'를 출시해 자체적으로 시스템을 운영하며 많은 사장님들께 큰 사랑을 받아 월평균 100%의 성장률을 보이고 있습니다.

'오더히어로'의 서비스는 식자재 유통 디지털화를 통해 식당에게 믿을 수 있는 식자재 유통회사들을 소개하고 식자재 유통회사에는 고객을 만날 수 있는 기회를 제공하는 혁신 식자재 O2O 플랫폼 서비스입니다.

딜리버리랩은 대한민국 모든 식당이 [오더히어로]서비스를 통해 믿을 수 있는 식자재를 주문하는 세상을 만들어 40조 규모의 B2B 식자재 유통시장의 혁신하고자 합니다.

[수상내역]
2020.12 하이서울인증
2020.10 cj프레시웨이 기술협약
2020. 09 농식품 공공 및 빅데이터 경진대회 우수상
2020.02 한국사회적기업진흥원 사회적기업 육성사업 최우수상
2019.11 서울시 (예비)사회적기업 인증
2019.10 로컬라이프랩 '서울시 소상공인 자생 프로젝트' 최우수팀 선정
2019.09 IBK 소셜벤처 육성사업 최우수팀 선정
2019.05 벤처인증, 기업부설 연구소 설립

[관련기사]
“포스코, ‘아이디어 벤처’ 6개 선발 집중 육성” (20.12.16)(","- 투자계약서 검토, 자금조달 & 관리 업무
- IR 자료 작성, 기관투자자 보고자료 작성
- 주주총회, 이사회 운영
- 투자사업 제안, 협상, 협약 및 관련계약
- 금융, 회계, 법률 이슈 검토
- 전략적 투자 실행 업무
- 시장 조사 및 Trend 분석 기반 사업/협력 기회 검토
- 투자자금 운영 및 확보
- 투자자 관리 및 기업실적분","- 10년이상 경력자
- 적극적이고 원할한 커뮤니케이션이 가능하신 분","- 동종업계 근무 경력자 우대
- 투자관련 업무","[자유롭고 서로 존중하는 분위기]
ㆍ자유로운 연차, 반차, 반반차 사용
ㆍ직급 없는 문화 (히어로명 호칭)
ㆍ강제 회식 등 꼰대 문화 X
ㆍ정장No! 자유로운 복장 Yes!

[동기부여 및 보상]
ㆍ직무별 인센티브 제공
ㆍ2년 만근 시 최대 10일 리프레시 휴가 지원
ㆍ생일 반차 제공
ㆍ명절 선물 지원
ㆍ리프레시 데이 지원

[일하고 싶은 근무환경]
ㆍ간식, 커피 제공
ㆍ점심시간 1시간 30분 제공
ㆍ재택근무 주 1회 시행
ㆍ사내 소통 프로그램 운영
ㆍ지하철 도보 5분 이내

[자기개발 적극 지원]
ㆍ도서비 무제한 지원
ㆍ사내 스터디 비용 지원
ㆍ직무관련 자기개발 강의 수강 시 수강료 지원
ㆍ직무관련 자격증 취득 시 포상",,"보너스, 식대지원, 자유로운휴가, 자기계발지원, 커피·스낵바, 50명이하, 설립4~9년, 아기유니콘, 재택근무",상시채용,,서울 성동구,딜리버리랩
시니어 재무/회계 담당자,"[Our mission]

넥스트챕터는 2021년 설립되어 누적 275억원의 투자 유치를 통해 약 10개 이상의 브랜드를 인수 및 운영하며, 매년 폭발적인 성장을 이어가고 있는 국내 최초의 브랜드 애그리게이터입니다.

우리는 ‘좋은 제품을 위대한 브랜드로(Good Products to Great Brands)’라는 Mission을 기반으로, 뛰어난 제품력을 갖췄음에도, 유통, 마케팅, 자금 조달 등의 문제로 그 잠재력을 충분히 발휘하지 못하는 브랜드를 발굴하고 인수합니다. 이를 통해 좋은 제품이 더 많은 소비자에게 알려지는 세상을 만들어갑니다.

넥스트챕터는 P&G, 유니레버, 로레알을 뛰어넘는, 다음 세대의 글로벌 소비재 브랜드 회사(Next-generation Global Consumer Brand Company)를 만든다는 Vision을 갖고 있습니다. 이를 위해 우리는 다음과 같은 회사가 되고자 합니다.
1) AI 기술과 데이터를 가장 잘 활용하는 브랜드 회사
2) 쿠팡/네이버를 비롯한 주요 마켓플레이스 상에서의 압도적인 장악력을 기반으로 내셔널 소비재 브랜드를 키워내는 회사
3) 한국의 뛰어난 브랜드들을 글로벌 시장에 진출시키는 회사
4) 브랜드 인수를 통해 더 안정적이고 빠른 성장을 반복적으로 이루어내는 회사

넥스트챕터는 BlueRun Ventures/BRV Capital Management, Goodwater Capital, 끌림벤처스, 패스트벤처스, 샌드박스네트워크, 김상헌 네이버 전 대표님을 비롯한 국내외 유수의 VC 및 엔젤 투자자로부터 약 75억원 규모의 Seed 투자를 유치하였으며, 2022년 8월 BRV Capital Management, 끌림벤처스로부터 200억 규모의 시리즈 A 투자 유치를 완료한 바 있습니다.

창립 만 3년이 안된 2024년 1월 현재, 넥스트챕터는 약 60명에 가까운 최고의 인재들이 모여 “Good Products to Great Brands”를 위해 밤낮없이 달리고 있습니다. 우리는 최고의 팀을 만들기 위해, 인재 채용에 있어 절대로 타협하지 않습니다. 최고의 팀과 함께 빠르게 성장할 미래의 넥스터 분들을 모십니다.



[More about this job]

중소 온라인 브랜드의 인수를 통한 빠른 성장을 추구하는 넥스트챕터에서 재무 및 회계 직무는 더욱 중요합니다. 인수된 브랜드와 자회사에 대한 월, 분기, 반기, 그리고 연 단위 실적 관리와 결산을 통해 회사가 목표를 잘 달성하고 있는지, 현금 흐름상의 문제는 없는지 끊임없는 관리가 필요하기 때문입니다. 이를 위해 가장 기본이 되는 기초 자료들이 적시에 문제없이 관리되어야 하며, Senior Finance Manager는 그러한 자료를 관리하는 역할을 수행합니다.

Senior Finance Manager는 월별 결산 총괄, 외부감사 및 투자자 대응, 업무 프로세스 설계, 자금, 세무 등 전방위적인 업무를 수행합니다. 여러 브랜드의 실적과 전사 비용 등에 대한 관리가 동시에 이루어지는 만큼 다소 도전적인 환경에 대한 적응력과 꼼꼼함이 요구됩니다.

넥스트챕터의 Finance Team은 재무 컨설팅, IT기반 커머스 스타트업 등 최고의 경력을 갖춘 전문가 집단으로 구성되어 있습니다. 넥스트챕터의 Finance Team 과 빠르게 성장하실 분을 찾습니다.","• 재무/관리회계/자금
- 월별 결산 총괄
- 매출 세금계산서 발행 및 매입세금계산서 완전성 검토
- 브랜드/제품별 손익분석 등 관리회계 자료 작성 및 보고
- 채권/채무 월별 마감 및 명세서/미결사항 관리
- 외부 감사 및 투자자 요청사항 대응
- 자금 집행 및 관리

• 세무
- 월별 부가세 마감 및 분기별 부가세 신고/납부
- 원천세, 지방세 등 세무 업무
- 법인세 신고 보조

• 기타 업무
- 결산 및 전사 Process Innovation
- ERP 마스터 관리 및 프로세스 운영
- 예산 수립/관리","• 일반기업/스타트업에서의 재무/회계팀 경력 5년 이상
• 기장 및 결산 관련 회계 지식 및 실무 경험
• 능동적인 업무 수행 및 다양한 직군의 사람들과의 원활한 의사소통 능력
• 목표를 중심으로 프로세스를 설계할 수 있는 논리력, 유연한 사고력
• 빠르게 변화하는 환경에 대한 적응력","• 회계/세무 관련 자격증 보유
• 온라인 중심의 컨수머 브랜드 회사 근무 경험
• 스타트업 근무 경험
• 주요 ERP 구축 혹은 운영 경험
• MS Office 활용 능력","넥스트챕터는 화려한 복지 제도 보다는 최고의 동료들과 함께 빠르게 성장할 수 있는 기회를 지속적으로 만드는 것이 더욱 중요하다고 생각합니다. 우리는 다른 회사에서 “복지 제도”라고 부르는 정책을 Nexter 경험 지원 정책(NXSP, Nexter eXperience Support Policies)이라고 부릅니다.
NXSP는 명확한 목적과 방향성 하에 활용될 경우 Nexter들의 긍정적인 행동의 변화를 이끌어내는 Nudge로서 기능할 수 있다고 믿습니다. NXSP는 생산성(Productivity), 건강(Health) 이라는 두 가지 목적 하에 설계를 하였으며, 앞으로도 지속적으로 넥스트챕터만의 정책을 만들어 나가고자 합니다.

• 성과에 따른 스톡옵션 제공
• 운동비 월 10만원 지원
• 20만원 상당 건강검진 지원
• 입사 시 각종 생산성 장비 구매 지원 10만원
• 팀 회식비 인당 월 3만원 지원
• 사내 식당 점심비 지원
• 도서 구매 무제한 지원
• 회사 근처로 이사 시, 이사비 100만원 지원
• 야근 시 식대 15,000원 지원
• 야근 후 귀가 시 택시비 지원",,"건강검진지원, 자기계발지원, 식대지원, 51~300명, 누적투자100억이상, 설립3년이하, 스톡옵션, 연봉상위6~10%, 인원 급성장",상시채용,"신속 간결한 스타일, 결과 중심 질문, 천천히 기다려준 편, 집중하기 좋은 환경",서울 성동구,넥스트챕터(NextChapter)
콘텐츠 프로듀서 [경제/금융/투자 교육],【 2024 코드잇 대규모 인재 채용 】,"• 경제,금융,투자 분야의 교육 콘텐츠를 제작합니다.
    • 재무/회계/세무 - 재무제표 기초와 분석, 회계관리제도, 회계 실무 등
    • 기업 금융 전략/투자 - M&A, PMI, ECM, DCM, PF, PEF 등
    • 개인 금융 관리 - 재테크, 주식, 연금, 포트폴리오 등
    • 기타 연관 주제 - 경제/경영 기초 개론, 경제지표 분석, 정치 등
    • 위의 모든 영역에 대한 이해가 없으셔도 괜찮으니, 편하게 지원해 주세요.
• 교육 콘텐츠 제작을 위해 이런 업무/프로세스를 거치게 됩니다.
    • 콘텐츠 제작을 위한 리서치와 공부
    • 커리큘럼 기획
    • 영상, 노트, 실습, 퀴즈 제작
    • 콘텐츠에 대한 피드백과 반영 

콘텐츠 프로듀서(콘텐츠 PD)를 쉽게 설명하면, 온라인 강의 콘텐츠를 만드는 '선생님' 역할입니다. 지금까지 코드잇은 코딩 분야에 집중했으며, 이제 IT 트렌드/실무 분야를 포함한 다양한 주제로 분야를 확장하려고 합니다.

온라인 강의를 만든 경험이 없으셔도 괜찮습니다. 콘텐츠 PD로서의 자질이 보이는 분을 발굴하고, 코드잇이 제공하는 인프라 안에서 좋은 콘텐츠를 제작할 수 있도록 돕는 것이 저희의 임무입니다. 그리고 그 분들이 창출할 가치는 엄청나기 때문에, 조건에 부합하는 분들에게는 확실한 대우를 해 드리려고 합니다.","코드잇은 항상 세계 최고 수준의 콘텐츠를 목표로 합니다. 확실하게 검증하고 확실한 분들만 모셔서, 확실한 대우를 해 드립니다.

• 경제,금융,투자 분야에 대한 기본 지식 및 최신 동향에 대한 이해를 갖춘 분
• 콘텐츠 제작 역량이 뛰어난 분
    • 이해하기 쉽고 간결한 글을 작성합니다
    • 새로운 내용을 빠르고 정확하게 리서치할 수 있습니다
    • 설명에 있어서 절대 틀리지 않을 자신이 있습니다
    • 사람들이 어떤 것을 어렵게 느끼고, 어떤 것을 궁금해 하는지 잘 파악합니다

• 커뮤니케이션 능력이 뛰어난 분
    • 피드백을 이해하고 반영할 자신이 있습니다
    • 또 반대로, 좋은 피드백을 줄 수 있습니다
    • 효율적이고 깔끔한 커뮤니케이션에 자신이 있습니다","• 교육 분야에 관심이 많은 분
• 경제, 금융, 투자 분야의 실무 경험이 있는 분
• 디자인 감각이나 영상 기획력이 있는 분
• 자신있게 촬영에 임할 수 있는 분
• 코드잇을 수강한 경험이 있으신 분
• 영어를 원어민 수준으로 하는 분


【 이렇게 합류하게 돼요 】
1. 서류 접수  2. 사전과제  3. 1차 인터뷰  4. 2차 인터뷰  5. 합류
• 제출 서류(이력서, 포트폴리오 등) 및 과제 내용에 따라 사전과제와 1차 인터뷰 순서는 변동될 수 있어요.
• 사전 과제
    • 미니 프로젝트는 지원자와 코드잇 팀이 서로 핏을 맞춰볼 수 있는 과정이에요. 콘텐츠 제작 역량을 검증하기 위한 과제를 제공해 드리고, 그 과제에 대한 피드백을 바탕으로 개선 과정까지 함께하게 됩니다.
    • 결과물은 채용 검증 외의 용도로 사용되지 않습니다.
• 1차 인터뷰
    • 코드잇 사무실에서 진행되며, 직무와 컬쳐핏 관련 질문을 드려요.
• 2차 인터뷰
    • 코드잇 사무실에서 진행되며, 경영진도 함께 참여합니다. 과제내용 및 직무, 컬쳐핏과 관련된 질문을 드려요.
    • 2차 인터뷰 이후 레퍼런스 체크를 진행할 수 있어요. 레퍼런스 체크는 지원자 분의 동의를 구하고, 진행 방식, 기한 등에 대해 사전에 상세히 안내드린 후에 진행합니다. 지원자에 따라 해당 절차를 생략할 수 있습니다.


【 제출 서류 】
• (필수) 이력서 
• (필수) 코드잇에 지원하시게 된 동기를 알려주세요.
• (필수) 현재 만들 수 있는 주제와 앞으로 만들고 싶은 주제가 어떤 것들인지 알려주세요.
• (선택) 경제,금융,투자 분야 관련 역량을 확인할 수 있는 포트폴리오
• (선택) 글이나 교육 콘텐츠 역량을 확인할 수 있는 포트폴리오


【 현직 콘텐츠 프로듀서에게 물었어요 】

Q. 이 일을 하면서 가장 좋은 부분은 무엇인가요?

A. 온라인 콘텐츠는 도달 범위의 제한이 없잖아요? 
그래서 콘텐츠 하나를 잘 만들면 계속해서 많은 분이 이용할 수 있죠. 심지어 우리가 자고 있는 순간에도요. 우리가 만든 교육을 통해 많은 사람들이 커리어를 이루어낸다는 점이 참 멋진 것 같아요. 매일 올라오는 후기를 읽는 것도 재미가 쏠쏠하답니다.


Q. 실무를 하다가 콘텐츠 PD로 오셨는데, 두 역할이 어떻게 다른 것 같으세요?

A. 실무에서 일할 때는 보지 못하던 것들을 발견하는 것 같아요.
실무에서는 만들어 내는 것에 초점을 두는 반면, 콘텐츠 PD는 이해하고 원리를 파악하는 것에 초점을 두거든요. 예전에는 일정 맞춰서 만들어 내기 급급해서 지나친 부분이 많았는데요. 누군가에게 가르치려고 그 내용을 다시 보니, 새롭게 깨닫는 것들이 많더라고요. 하나를 가르치기 위해 열 이상을 공부하게 될 때도 많고요. 제대로 공부할 기회가 주어진다는 점이 콘텐츠 PD의 메리트인 것 같습니다.","1. 최고의 팀원에게 최고의 보상을 제공해요.
• 최고의 동료들이 모인 팀
• 최고 수준의 보상 지향

2. 몰입을 위한 최적의 환경을 지원해요.
• 주 40시간 유연근무제 (코어타임 오후 1~5시)
• 자유로운 재택근무 (월금 비코어타임 및 화수목 재택근무 가능)
• 직군별 최고 사양의 맥북과 모니터 제공, 장비지원금 별도 지원
• 도서, 교육 등 자기계발을 위한 비용 지원
• 동료 및 리더와의 상시 피드백 문화

3. 건강과 행복을 위한 복지를 제공해요.
• 점심, 저녁 식대 지원 (각 최대 12,000원)
• 무제한 간식 제공, 매년 명절 및 생일 축하 선물
• 연 100만원 상당의 종합 건강검진 지원
• 50만원 상당의 경조사비 지원
• 주차비 지원

4. 친밀한 문화를 함께 만들어가요.
• 신뢰를 바탕으로 한 반말 문화
• 랜덤점심, TGIM, 컬쳐나잇, 비어토크
• 사내 동아리 활동 지원

【 언론 속의 코드잇 】
• 코드잇 공동 대표가 1시간짜리 강의를 절대 안 만드는 이유
https://bit.ly/3oo5Cpy 
• 코드잇 시리즈 B 투자유치, 누적 140억원 투자
https://bit.ly/3csFfvP 
• 국내 코딩 교육 기업 최초로 멤버십 1만명 돌파
https://bit.ly/3BdkjmO",,"커피·스낵바, 식대지원, 건강검진지원, 장비지원, 51~300명, 설립4~9년, 누적투자100억이상, 자기계발지원, AI 선도 기업, 인원 급성장, 재택근무, 유연근무",상시채용,"세심한 스타일, 과정 중심 질문, 친절/따뜻한 스타일, 자유롭고 편한 환경",서울 중구,코드잇(codeit)
[빗썸] 자금세탁방지 고객확인업무 운영 담당자 (계약직),"세상의 모든 가치가 거래되는 곳,
대한민국 대표 가상자산 거래소 빗썸에서 함께 성장할 동료를 찾고 있습니다.

빗썸은 매일 82만명이 방문하고 하루 평균 약 2조 2천억원에 달하는 가상자산이 거래되는, 그리고 월렛(Wallet)과 대체불가능토큰(Non-Fungible Token, NFT), 메타버스(Metaverse) 등의 기술을 바탕으로 블록체인 기반의 암호화폐 생태계를 선도하고 있는 대한민국 최고의 가상자산 거래소입니다.

대용량 트래픽을 안정적으로 처리할 수 있는 고성능 거래 체결 엔진을 바탕으로 투명하고 공정한 검증을 거쳐 상장된 가상자산과 NFT를 포함한 다양한 블록체인 기반 콘텐츠 상품군을 통해 이용자에게 최적의 트레이딩 서비스를 제공하는 것을 목표로, 빗썸은 오늘도 빠르게 성장하고 있습니다.

빗썸의 미래와 함께 성장할 도전적인 인재, 멋진 우리의 동료를 기다립니다.","• 고객확인정보 적성성 모니터링
• 요주의 인물 검출건 심사
• 기타 AML관련 업무",• 성실하고 꼼꼼한 성격을 보유하신 분,"• AML 관련 자격증을 보유하신 분
• 금융권 근무 경험이 있으신 분
• 오피스 프로그램(엑셀/워드/파워포인트) 활용 능력을 보유하신 분

[ 근무조건 ]

• 고용형태 : 1년 계약직
• 급여 : 회사 내규에 따름 (인터뷰 후 결정)

[채용절차]

• 서류전형 ＞ 인터뷰 ＞ 최종합격

• 본 공고는 수시채용으로 진행되며, 채용 완료 시 조기에 마감될 수 있습니다.
• 서류전형 결과에 따라 Pre-Test(전화 인터뷰 또는 온라인 테스트)가 진행될 수 있습니다.
• 채용절차는 일정과 상황에 따라 사전 안내 후 변경될 수 있으며, 각 전형의 결과는 개별적으로 안내하여 드립니다.
• 지원서에 기재된 내용 중 허위 사실이 발견될 경우 채용이 취소될 수 있습니다.
• 국가 유공자 · 장애인 등 취업보호대상자는 관계법령에 따라 우대합니다.
• 당사 보안정책으로 인해 Notion 접근이 불가합니다. 포트폴리오를 Notion으로 제작한 경우에는 PDF 형식의 파일로 다운로드 받아 별도로 첨부 바랍니다.","[업무에 몰입할 수 있는 환경을 조성합니다.]

• 비포괄임금제 | 일한만큼 받습니다. 초과근무 시 1분단위 수당으로 보상합니다.
• 선택적 근로시간제 | 출퇴근시간을 본인이 선택하여 복잡한 출퇴근길을 피할 수 있습니다.
• 복지포인트 연간 840만원 지급 | 항목에 상관없이 자유롭게 사용 가능한 복지포인트를 연간 840만원 지원합니다.
• 출퇴근 교통비 지원  |  야간/휴일근무 시 카카오T 비즈니스를 이용하여 편하게 출퇴근합니다.


[ 구성원의 편리한 생활을 지원합니다.]

• 삼시세끼 제공   
- 조식 : 샌드위치, 샐러드 등 간단하고 건강한 메뉴들이 매일 다양하게 준비되어있습니다.
- 중식 : 비싼 강남 물가에 맞게! 연봉에 포함되지 않는 식대를 월 22만원 지급합니다.
- 석식 : 퇴근이 늦어질 경우, 저녁식사비로 식권대장 포인트 12,000원 지급합니다.
- 휴일 : 휴일 근무 시에는 점심/저녁식사비로 식권대장 포인트를 끼니당 18,000원씩 지급합니다.
• 간식·음료 무제한 스낵부스 운영 | 과자류, 간편식 뿐만 아니라 유산균이나 홍삼같은 건강식품까지 제공합니다.
•  장부식당 운영 | 빗썸 직원들과의 저녁모임 시, 고기·호프·치킨집 등 제휴된 식당을 자유롭게 이용할 수 있습니다.
• 주택자금대출 | 주택 매매/임차 시 최대 5년간 1억원까지 무이자로 지원합니다.
• 자녀학자금 | 유치원·어린이집 240만원, 초/중/고등학교 180만원, 대학교 1,000만원까지 연 단위로 지원합니다.
• 기념일 선물 | 명절·연말·생일·어버이날에는 한우, 카네이션, 기프트카드 등 다양한 선물을 나눕니다.


[구성원 개개인의 성장을 돕습니다.]

• 역량향상 교육 | 직무·역량개발을 위한 교육이라면 얼마든지 지원합니다.
• 외국어 교육 | 직원들의 외국어 능력 신장을 위해 외국어 교육을 지원합니다.
• 도서 구매 | 빗썸 직원이라면 업무에 필요한 도서를 무제한 구매할 수 있습니다.
• 사내 도서관 운영 | 매월 신간이 30권씩 입고되는 사내 도서관을 운영합니다. 


[본인과 가족들의 건강 걱정을 덜어드리고 퀄리티 높은 휴식을 보장합니다.]

• 건강검진 | 본인·배우자·자녀·부모님에게 프리미엄 건강검진을 제공합니다. 한방특화 검진도 가능합니다.
• 단체상해보험 | 임직원들의 병원비 부담을 덜어내는 단체상해보험 가입을 지원합니다.
• 사내 동호회 활동 지원 | 빗썸의 다양한 사내 동호회를 인당 2개까지 가입할 수 있습니다.
• 리조트·콘도 지원 | 아난티·소노인터내셔널 등 국내 유명 휴양콘도 숙박을 지원합니다.",,"유망산업, 사내동호회, 커피·스낵바, 대출지원, 식대지원, 어린이돌봄, 건강검진지원, 복지포인트, 연봉상위1%, 301~1,000명, AI 선도 기업, 인원 급성장, 설립10년이상",상시채용,"신속 간결한 스타일, 과정 중심 질문, 천천히 기다려준 편, 캐주얼/편한 분위기",서울 강남구,빗썸코리아
IR/PR Manager,"[ About PROTEINA ]

우리의 비전은 진단의 패러다임을 바꾸는 새로운 기술을 통해 개인맞춤형 치료를 구현하는 것입니다.

프로티나의 단분자 단백질 간 상호작용 검출 SPID (Single-molecule Protein-protein Interaction Detection)는 기존의 알려진 PCR, NGS 기술과 같이 유전자를 통해 유추하는 것이 아닌, 생명현상의 핵심 요소인 단백질을 단백질간 상호작용(Protein-Protein Interaction) 으로 이제까지 본 적 없는 민감도 및 빠른 속도로 분석하여, 보다 넓은 영역에서 사용될 수 있습니다.

우리는 1) 의료의 미래인 개인맞춤형 치료에 사용되는 동반진단 반응예측 바이오마커, 2) 신약 임상시험 성공에 효과적으로 사용되는 약동/약력학 바이오마커, 3) 신약의 개발에 반드시 필요한 치료 타켓 발굴 바이오마커, 4) 신약 후보물질 발견을 위한 바이오마커를 개발하고 서비스 또는 제품화하는 사업을 영위하고 있습니다.

현재 Global Top 제약사들과 협업을 진행하고 있으며, 창업 이후 누적 투자금액 413억을 유치하였고, 상장(IPO)을 계획하고 있습니다. 저희는 대부분의 임직원이 30대 중반 이하인 젊은 인력으로 구성되어 있으며 창의적인 문제해결 방법과 수평적 자유로운 의사소통을 중요시하는 업무 환경을 가지고 있습니다. 좋은 사람들과 지속적인 논의와 피드백으로 인생의 가치를 찾고자 하는 열망이 있는 인재를 모집합니다.","• IR 전략을 수립합니다.
• 주주 관리 및 대응, 국내외 NDR 업무를 수행합니다.
• 기업/투자 설명회를 진행합니다.
• 이사회/주주총회를 진행합니다.
• 기업 홍보, 보도자료 관리 및 지원 업무를 수행합니다.
• 홈페이지 관리와 디지털 홍보 업무를 진행합니다.","• 학사 이상의 학위를 소지하신 분
• 바이오산업 및 IR전반에 대한 관심과 이해가 높으신 분
• 비즈니스 수준 이상의 영어가 가능하신 분
• 열정적이고 긍정적인 마인드를 가지신 분","• 상장사에서 주식 담당 경험이 있으신 분
• 투자/운용사 경험이 있으신 분
• 증권사에서 리서치 경험이 있으신 분","[근무조건]
• 채용형식 : 정규직 (단, 3개월 수습기간 적용) 
• 근무일시 : 주 5일 (월~금, 09:00 ~ 18:00)
• 급여조건 : 회사 내규에 따라 면접 후 협의 
• 근무장소 : 서울시 구로구 디지털로 33길 11, 에이스테크노타워 8차 1301호 프로티나

[프로티나는 충분한 휴식과 건강을 지원합니다!]
• 업계 최고 수준 연 24일 연차 휴가 지급 (단, 1년 미만 근속자의 경우, 1개월 만근 시 월 2일씩 부여) 
• 코어타임 근무제 
• 경조사 지원금 및 휴가 제공
• 건강검진 비용 지원 
• 명절 상품권 제공

[몰입과 성장을 위한 최상의 환경을 제공합니다]
• 점심 식사 제공 (복리후생 포인트 형식)
• 입사 시 웰컴키트 제공 
• 고급 커피머신 이용 및 간식 제공 
• 자기계발비 지원 (복리후생 포인트 형식)

[그 외 복리후생]
• 4대 보험 (국민연금, 고용보험, 산재보험, 건강보험) 및 퇴직금 지원
• 병역특례 근무 가능 (사전 협의 요망) 
• 인재추천 시 추천보상금 지급
• 그리고 프로티나의 복리후생은 계속해서 진화하고 있습니다!","[채용 절차]
• 서류전형  - 면접(1, 2차) 전형 -  최종 합격 (*전형은 상황에 따라 변동 될 수 있어요)
• 지원서: 자유 형식 (후보자님의 역량이 잘 드러날 수 있도록 표현해 주세요)
• 최종 합격 전 처우 협의를 진행합니다.
• 각 전형별 결과는 개별적으로 안내됩니다. 
• 제출한 서류가 사실과 다른 경우 합격(입사)에 불이익이 있을 수 있습니다.  

[공통 자격]
• 해외여행에 결격 사항이 없는 분
• 남성은 병역필 또는 면제자
• 취업보호대상자는 관련 법규에 의거하여 우대합니다.","건강검진지원, 커피·스낵바, 자기계발지원, 50명이하, 설립4~9년, 연봉상위2~5%, AI 선도 기업, 인원 급성장, 복지포인트",상시채용,"세심한 스타일, 상세한 피드백, 천천히 기다려준 편, 집중하기 좋은 환경",서울,프로티나
IR Manager (Investor relations),"많은 학생에게 공부는 억지로 해야 하는 것, 하기 싫은 것입니다. 강사와 강의가 아무리 훌륭해도 공부 습관이 생기지 않는 건 바로 그 때문입니다. 학생들은 여전히 누군가 공부 의지를 잡아주길 바라며 학원과 과외에 의존하고 있습니다. 학원이 멀리 떨어져 있고, 과외비가 비싼 데도 말이죠.

밀당PT는 보기만 하는 인터넷 강의가 아닙니다. AI 기술이 공부할 커리큘럼을 구성하고, 온택트 선생님은 학생이 완전히 알 수 있을 때까지 1:1로 가르칩니다. 우리는 이 전략으로 온라인 교육 분야 최초로 일 평균 90%의 완강률을 달성했고 누적 30만 명이 넘는 학생들을 만났습니다.

우리는 3년 동안의 성장세와 기술력을 인정받아 카카오벤처스를 비롯한 여러 투자사로부터 655억 원의 누적 투자를 유치하기도 했습니다. 강의와 학습 콘텐츠, 학습 관리 전문가 400여 명이 모인 밀당 팀은, 13억 건에 가까운 학습 데이터를 기반으로 질 높은 교육을 더 많은 학생에게 제공하기 위해 몰두하고 있습니다.","•사업전략/재무보고자료 등 투자자 커뮤니케이션에 필요한 자료들을 작성합니다.
•국내외 에듀테크 시장에 대한 동향 파악 및 경쟁사 리서치 등을 수행합니다.
•국내외 투자자들의 요청 자료를 작성하고 대응합니다.","•신입
•재무/회계 분야에 대한 깊은 이해도가 있으신 분
•외국어 역량 (영어, Fluent Level)을 보유하신 분
•PPT, Excel 등 사무업무 프로그램을 능숙하게 다루시는 분
•대학 졸업자 또는 졸업 예정자","•해당 직무의 우대사항
•증권사 리서치 RA/인턴 경험을 보유하신 분
•VBA, SQL, PYTHON 등 데이터 분석 툴 사용 가능하신 분
•Figma, Coda 프로그램 사용 가능하신 분


[근무 조건]

3개월 수습 기간 이후 평가에 따라 정규직 전환을 고려합니다.
월~금 09:30~18:30 근무합니다.
서울시 영등포구 여의대로 108, 파크원 타워1 에서 근무합니다.


[지원 방식]

1. 이력서 (필수) : 국/영문 자유형식이며 PDF 파일로 첨부해주세요
2. 영문 자기소개서 (필수) : 1페이지 분량으로 PDF 파일로 첨부해주세요


[채용 프로세스]

서류 전형 -＞ 1차 인터뷰(영작 TEST&인터뷰) -＞ 2차 인터뷰 -＞ 최종합격 -＞ 입사
*상황에 따라 일부 프로세스가 생략될 수 있습니다.","[복지제도: 일에만 몰입할 수 있게 돕겠습니다]
우리는 생각하는 것부터 일의 시작이라고 여깁니다. 밀당의 팀원이 언제 어디서든 문제를 고민할 수 있도록 때로는 한 단계 오를 수 있는 멋진 학습 도구를, 때로는 다음 액션을 준비할 수 있는 진정한 쉼을 지원하겠습니다. (모든 업무 환경 개선과 복지 제도는 ‘밀당의 팀원은 당연히 높은 시민의식을 갖고 있다’는 신뢰를 바탕으로 진행합니다.)


1. 밀당 제품 및 서비스 지원
: 직원 누구나 서비스에 대해 의견과 아이디어를 제시할 수 있고 토론할 수 있습니다. 이를 위해 우리가 만든 제품 및 서비스의 의미와 수강생이 겪는 문제 상황을 직접 만날 수 있도록 고객 접점을 만들어드립니다.

• 직원 자녀 중학교, 고등학교 진학 시 교재 및 온라인 학습 최대 3년 지원(현재 미혼이거나, 자녀가 미취학 연령이라면 사촌 이내 1명을 등록할 수 있습니다.)


2. 학습 및 아이데이션 지원
: 머릿속 풍부한 지식은 프로젝트의 성공이나 실패로 이어졌을 때 가치가 더욱 높아집니다. 우리는 직원이 다음 프로젝트에 도전할 수 있는 사례나 시행착오를 더 많이 쌓을 수 있도록 필요한 학습을 빠르게 지원합니다. 팀원과 함께 성장해야 하는 만큼 학습을 마치면 모든 직원에게 배운 점을 공유합니다.

• 분야 제한 없는 도서비 전액 지원
• 밀당 서비스 관련 온, 오프라인 컨퍼런스 참여 시 본인 참여비 및 동반 1인 식사비 지원


3. 몰입 방해요소 제거 지원
: 업무 몰입에 이르기까지 거쳐야 하는 불필요한 순간들을 겪지 않도록 시간을 아껴드립니다. 외근 장소까지 가는 방법을 검색하지 않아도 됩니다. 그저 아낀 시간만큼 문제 해결과 목표 달성에 집중해주세요.

• 서울 내 외근 시 TADA, 카카오T 택시 지원
• 서울 외 지역 출장 시 KTX, 프리미엄 고속버스 지원
• 개별 법인카드 지급: 매 순간 최선의 의사결정을 해주실 거라 생각합니다.


4. 기념일 축하 지원
: 업무와 팀워크만큼 직원의 성장도 중요합니다. 다음 목표로 가기 전, 충분히 축하받을 수 있도록 지원해드립니다.

• 정규직 전환 시 축하금 100만 원 지급
• 대학교 및 대학원 졸업 당일, 연차 소진 없는 특별연차 지원
• 경조 휴가 및 경조금 지원
• 설날/추석 선물 지원


5. 당연한 지원
: 업무에 필요한 자원을 아끼지 않는 건 열심히 집중해 준 직원을 위한 당연한 제도입니다.

• 사무, 문구 용품 지원공간 운영: 필요한 물품은 언제든 가져가셔도 좋습니다.
• 스낵바 운영: 일반 편의점보다 30~70% 할인된 가격으로 제공합니다.
• 야근 시 식사 비용 지원
• 소프트웨어 및 라이선스 지원
• 업무용 스마트폰 지원(교육, 세일즈 직무)
• 인재 추천 보상금 지급 제도
• 미화 인력 상시 근무",,"커피·스낵바, 식대지원, 사내동호회, 301~1,000명, 누적투자100억이상, AI 선도 기업, 출산휴가, 인원 급성장, 설립10년이상",상시채용,"신속 간결한 스타일, 과정 중심 질문, 친절/따뜻한 스타일, 캐주얼/편한 분위기",서울 영등포구,아이헤이트플라잉버그스
근무세무사,"“세이브택스”는요,
- 카이스트 박사 출신 IT 전문가와 회계법인 출신 공인회계사의 공동 창업
- 세무업무 효율화 SW 세다Pro, AI 세금환급 서비스 히든머니, 세무 컨설팅 플랫폼 세무법인 세이브택스 등 세무 관련한 풀사이클 서비스 제공
- 2017년 창업 이후로 현재까지 ‘단 한번의 투자없이’ 안정적 수익 창출 중
- 21년 37명, 22년 65명, 23년 102명으로 매년 폭풍 성장 중!

""세무사""는요,
- 주요 업무는 세금 신고 및 환급서비스 운영과 간소화를 위한 알고리즘 설계입니다.
- 입사 후에는 전사 및 부서 별 체계적인 교육(OJT)을 통해 누구나 빠르게 적응할 수 있도록 도와드리고 있습니다.","1. 세금 신고 및 환급 서비스 간소화를 위한 알고리즘을 설계합니다.
   • 경정청구, 종합소득세, 부가가치세 등  

2. 세무 신고 및 환급 간소화 서비스 운영을 총괄합니다.
   • 사업자와 비사업자에 대한 경정청구 수행  
      - 경정청구서 작성, 환급액 검토, 세무서 대응, 고객 비대면 컨택
   • 다양한 환급 이슈 대응 
      - 세무서 요구사항 및 고객 불편사항 응대

3. 신고 및 환급 간소화 서비스를 추가 발굴하고, 기존 서비스의 개선안을 마련합니다.
   • 예) 조세특례제한법, 상증법 등 


※ 방법론에 대한 충분한 교육을 제공해 드릴 예정이므로 업무 역량 확장의 기회를 찾으시는 분께서는 많은 관심 부탁드립니다!     
※ 해당 공고에서의 알고리즘 설계란 홈택스의 연말정산 간소화처럼 자사의 세무 서비스 간소화 시스템을 개발하는데 필요한 연산 로직 및 실무 프로세스를 설계하여 이를 시스템화할 수 있도록 개발 부서에 전달하는 일련의 기획 과정을 의미합니다.  (따라서, 개발 분야의 설계, 코딩 수준을 요구하지 않습니다.)","• 세무사 2년 이상의  경력을 가지신 분
   • 수습기간 포함 종소세 + 법인세 2회 이상 실무 경험
• 조세특례제한법 실무 경험이 있으신 분
• 지속적으로 효율성과 개선에 대해 고민할 수 있으신 분","• Excel / Google Sheets 등을 통한 데이터베이스 활용이 가능하신 분
• 재산세 실무 경험이 있으신 분
• 경정청구(세액공제/감면) 신고 경험이 있으신 분","혜택 및 복지
열심히 일한 세이브택스 멤버분들에게 남부럽지 않게 대우해 드려요.

① OFFICE
• '~님' 제도를 사용해요.
• 9~10시 사이 원하는 시간에 자유롭게 출근할 수 있어요.
• 반바지와 추리닝이 편한 당신을 위해 자율복장으로 출근해요.
• 사유 없는 자유롭고 다양한 연차 사용이 가능해요. (반차/반반차)
• 고사양의 장비와 소프트웨어를 제공해요.

② LIFE
• 점심 웨이팅을 피해 10분 일찍 출발! 1시간 10분의 점심시간을 가져요.
• 인당 월 3만원의 팀 간식비를 지원해드려요. (이번 달에는 오마카세를 먹었어요) 
• 든든하게 무료 간식과 음료 제공 및 저녁(야근 시)도 지원해드려요.
• 무엇보다 중요한 건강을 위해 건강검진일 유급 반차를 지원해드려요.
• 생일자에게는 즐거운 생일날을 위한 선물(상품권)을 드려요.
• 부득이한 야근 시, 택시비를 지원해드려요.
• 최고급 에스프레소 머신도 있어요.

③ GROWTH
• On-boarding, OJT 사내 교육을 제공해요.
• 커리어 개발을 위한 교육비를 아낌없이 지원해요.
• 업무 관련 도서 구매 전액을 지원해요. 

④ REFRESH
• 연차와는 별도로 3일의 리프레시 휴가가 주어져요. 
• 컬쳐데이! 동료들과 두 달에 한 번, 오전만 근무하고 함께 놀러나가요! 
   (영화 관람, 보드게임, 클라이밍 등을 하며 서로를 알아가요)
• 격주에 한 번! ‘패밀리데이’에는 조기퇴근을 하고, 가족들을 보러가세요. 

⑤ FAMILY
• 경조 휴가 및 경조금을 지원해드려요.
• 설날과 추석에는 선물이 있어요.

⑥ CO-WORKER
• 유닛블랙에는 배울 점 많은 훌륭한 동료들이 모여 즐겁게 일하고 있어요.
• 사람 스트레스 없이 업무에만 집중할 수 있는 조직 문화를 만들어가고 있어요.
• 좋은 분위기에서 좋은 사람들과 함께 성장하실 분을 기다리고 있습니다!",,"식대지원, 유망산업, 50명이하, 설립4~9년, 자유로운휴가, 자율복장, 커피·스낵바, 건강검진지원, 자기계발지원, 보너스, 인원 급성장, 유연근무",상시채용,,서울 강남구,세무법인 세이브택스
자회사 회계 매니저,"[회사소개]
인티그레이션은 한의계 플랫폼 Product인 [메디스트림]을 바탕으로 ‘의료인이 진료에 집중할수록 사람들은 건강해집니다’라는 Mission을 실현해나가고 있습니다.
우리의 목표는 단순하게 한 업계에서 점유율이 높은 회사가 되는 것이 아닙니다. '의료 시장에 새로운 흐름을 계속 만들어가겠다'는 의지를 담은 Medistream의 이름처럼, 전문직 플랫폼의 미래를 만들어가고 있습니다.

인티그레이션(메디스트림)은 의료인이 되고, 의료사업자가 되는 모든 것을 제공합니다.
- 한의사/한의대생 78%가 가입한 커뮤니티 +
- 전문가들을 위한 양질의 강의를 제공하는 메디클래스 +
- 한의원에 필요한 모든 것을 편리하게 구매 가능한 커머스 +
- 한의원 매출을 평균 37% 올려주는 경영지원 서비스 +
- 기존 프랜차이즈에서만 가능하던 의약품, 건기식, 식품개발


왜 인티그레이션을 선택해야 할까요?


1. 혁신을 기다리는 시장에서 혁신해야 합니다. 한의계 시장은 혁신가에게 굉장히 매력적입니다.
＜한의계 시장은 폭발적인 성장을 기다리고 있습니다.＞
2022년 기준 한방병원, 한의원 7조 8천억 원 시장입니다.
2006년부터 2022년까지 한의계 시장은 매년 6.6%씩 꾸준히 성장했습니다. 안전하고 효과적인 건강 시장에 대한 생각이 보편화되면서 이 시장은 더욱 더 커지고 있습니다.

＜하지만 한의원 관련 산업은 파편화 되어있습니다.＞
한의사 70%는 개원합니다. 운영관리, 채용, 교육, 소모품-의료기기 비교견적, 경영, 청구, 의료사고, CS, 노무 분쟁, 대출, 절세, 상품 개발, 온라인 마케팅, 오프라인 마케팅… 개원한 한의사는 진료 외 부차적인 문제들에 파묻혀서 진료에 집중하기 어렵습니다. 1개소 평균 근무자 5인 이하인 현장에서, 한의원에 필요한 의약품, 의료기기, 한약재 구매 경험이 더 신뢰있게 나아지길 원하고 있습니다. 한약재의 퀄리티, 한약 상품성의 고도화, 시장인식의 변화 또한 일어나길 기다립니다.

＜인티그레이션은 규모의 경제를 이뤄 업계 전반적인 혁신을 도모합니다.＞
업계 관련 산업의 파편화를 극복하고, 규모의 경제만이 해결해 줄 수 있는 문제를 풀어내려 합니다. 흔한 플랫폼 서비스는 사업자들의 적이지만, 우리는 메디스트림이 업계를 혁신하고, 파이를 키워낼 것이라 믿는 한의사 사용자들과 함께하고 있습니다. 일선 한의원 현장에 나가 한의사 분들이 필요한 것을 같이 일하며 파악하고, IT 기술과 디자인, R&D를 통해 해결하며, 서비스는 나날이 뾰족해지고 있습니다.


2. 멋진 혁신을 응원하는 사용자가 기다리고 있습니다.

＜전국 한의사와 한의대생 78%가 가입했습니다.＞
한의사, 한의대생에게 유용한 의료 정보를 제공하는 조그마한 네이버 카페로 시작하여, 고객 목소리에 귀 기울이며, 화려한 마케팅 하나 없이 전체 한의사, 한의대생 78%가 가입한 플랫폼으로 성장했습니다.

＜커뮤니티, 커머스, 온라인 클래스, 경영지원, 제품 생산까지 ’신뢰할 수 있는, 전문적인, 도움이 되는’ 서비스를 만들어갑니다.＞
런칭하는 서비스마다 가시적인 성과를 냈습니다. 우리는 실패하지 않는 프로덕트를 만들어갑니다. 다양한 서비스를 성공적으로 런칭했던 이유는, 사용자들의 갈증이 컸기 때문입니다.
가치있는 대화가 누적되는 커뮤니티, 빠르고 편리하고 싸게 구매할 수 있는 마켓, 학계와 협업하는 온라인 보수교육, 36개월 참여 한의원은 평균 112%까지 매출이 높아졌던 경영지원 시스템, 한의계에 새롭게 선보인 의약품 라인업 경옥고 壽, 공진단 壽, 린다이어트까지. 우리는 업계가 필요한 인프라를 차근차근 만들어가고 있습니다.


3. 훌륭한 인재들이 다양한 서비스를 구축해가고 있습니다.

＜커뮤니티, 커머스, 클래스, B2B SaaS, PB 브랜드, 제조 사업을 모두 경험해볼 수 있습니다.＞
어떤 회사를 가더라도 한두가지의 제한된 비즈니스만 경험해볼 수 있지만, 메디스트림은 커뮤니티, 커머 수스, 클래스, B2B SaaS, PB 브랜드, 제조 사업 등 다양한 비즈니스를 모두 경험할 수 있습니다. 함께 만든 각 서비스들이 서로 연결되며 통합되는 과정을 경험을 하면서, 한의계 업계 전체 인프라를 수직계열화 해나가는 경험을 할 수 있는 흔치 않은 기회입니다.

＜훌륭한 인재들이 모이고 있습니다.＞
한의계 혁신을 위해 다방면의 최고의 인재들이 필요합니다. 한의사 출신인 대표를 비롯하여 헬스케어, IT, 비즈니스, 바이오테크 등 각 분야 최고 전문가들이 모였습니다. 국내 유수 대형 스타트업 C레벨 출신 개발자, 디자이너, PO 등 모여서 한의계 혁신을 위한 기반을 만들어가고 있습니다.

＜Series C 완료 : 누적 투자금 363억＞
2020년 3월 Seed Level을 지나, 2023년 매출 240억을 기록하였고, 2024년 1월 Series C 단계에 도착했습니다. 2025년에는 매출 500억과 BEP 달성을 목표로 하고 있습니다. 이제는 더 큰 혁신을 위해 더 많은 팀원들과 함께 다음 단계를 준비합니다.

한의계는 무수히 많은 새로운 기회들이 기다리고 있습니다.
혁신에 대한 열정을 확신으로 바꾸어낸 인티그레이션은 더 많은 혁신을 만들어낼 Professional을 찾고 있습니다.


[팀의 현재 상황]
• 회계 팀장 1인, 회계 팀원 2인
• 법인 3개, 개인사업자 2개 관리 중
• 회사 설립 6년차, 초기 회계 멤버 생존 중
• 인사/총무 3인으로 회계팀과 분리되어있음
• 자회사는 외부 기장을 하고 있으며, 추후 자체 기장 전환 예정


-------------------------------------------------------------------------------

[전형 절차]
서류전형 ＞ 면접전형(1차,2차) ＞ 처우협의 ＞ 입사

- 전형별 결과는 합불여부 관계없이 영업일 7일 이내에 안내드립니다.


[필수 제출 서류]
- 자유 양식의 국문이력서, 자기소개서

-------------------------------------------------------------------------------","• 회계 자체 기장 및 결산
  - 통장 거래 내역 정리
  - 세금계산서 회계 처리
  - 법인카드/개인경비 승인 및 회계 처리
  - 원장 잔액 관리
  - 고정 자산 관리
  - 월별/분기/연간 회계 결산
• 자사몰 PG 매출 마감
  - PG사 데이터와 내부 데이터 대조
  - 매출 유형별 매출 인식
• 자금 집행 및 관리
  - 품의서 및 지출 결의서 검토 및 결재
  - 자금일보 작성
  - 현금흐름 관리
  - 은행여신, 정기예금 관리
  - 자금 집행
• 재고 수불부 작성 및 검토
  - 매출 원가 계산
• 세무 신고(부가세/종소세/법인세)
• 세무 이슈 검토 및 대응
• 외부 투자사 및 감사 대응","• 회계/재무 경력은 7~10년 이상
• 자금 경력만 있으신 분은 적응이 어려움
• 혼자 법인 핸들링이 가능한 사람
• 온라인 커머스 자사몰을 운영 경험하신 분
• 회계/세무 지식 보유 및 관련 자격증 소지자
• 회계프로그램 (더존i-cube) 사용 가능하신 분
• 엑셀, 스프레드시트를 능숙하게 사용 가능하신 분 (숙련도 : 중상)","• 과면세 겸업사업자 기장 경험 있으신 분
• 이커머스 자사몰 PG정산 경험 있으신 분
• 개인사업자 세무 신고 경험 있으신 분
• 스타트업에서 근무 경험이 있는 분

[잘 적응하신 분들의 공통점]
잘 적응하신 분들과 인터뷰를 통해 정리한 특징입니다.
• 긍정적인 에너지가 있으신 분
• 관계를 해치지 않는 커뮤니케이션 능력
• 절차대로 진행할 줄 아는 꼼꼼함
• 맡은 바를 마무리하는 능력과 성실함
• 수평적인 문화에 거부감이 없으신 분
• 모르면 물어볼 수 있는 용기
• 적극적인 커뮤니케이션 역량과 책임감이 있으신 분","[근무/업무환경]
• 완전자율출퇴근제도 (특정 직군 제외)
• 최신 PC 및 듀얼 모니터 제공
• 완전자율복장제 (맨발 가능)

[정부운영사업 지원]
• 병역지정업체 지정
  - 전문연구요원 선정
  - 산업기능요원 선정
• 중소기업청년 소득세 감면 혜택 적용 가능

[식사/간식]
• 중식 인당 최대 12,000원 제공
• 야근시 석식 제공
• 커피 무제한 제공

[축하 및 포상제도]
• 수습기간 완료 선물
• 장기근속자 포상
• 직원추천제도 포상

[자기계발]
• 업무 관련 도서 구입 지원
• 온오프라인 강의/세미나 수강 지원

[의료지원]
• 종합건강검진 지원
• 한의원/치과 협력업체 치료 혜택 제공

[휴가] (사유없음)
• 연차/반차
• 경조휴가
• 생일휴가
• 리프레쉬 휴가
• 대체/특별 휴가

[기타 혜택]
• 회식비 지원
• 경조사비 지원
• 명절 선물 지급
• 퇴직연금 가입
• 선정릉 입장권 지급
• 파트너사 상품 구매 시 할인 혜택 제공",,"자율복장, 건강검진지원, 식대지원, 커피·스낵바, 자기계발지원, 연봉상위11~20%, 51~300명, 설립4~9년, 누적투자100억이상, AI 선도 기업, 인원 급성장, 유연근무, 산업기능요원, 전문연구요원",상시채용,,서울 강남구,인티그레이션(메디스트림)
컴플라이언스 매니저,"뱅크샐러드는 사람들이 자신의 데이터를 안전하게, 마음껏 활용할 수 있게 함으로써 개인이 문제를 해결하는 방식, 우리 사회가 문제를 해결하는 방식을 바꿉니다. 온전히 '사용자 관점'으로 디자인된 데이터 서비스와 데이터 활용 도구들을 제공함으로써, 사람들이 자신의 데이터를 뱅크샐러드로 연결하고, 결합하고, 활용하여 세상에 없던 자신만의 서비스를 만들 수 있도록 합니다.

뱅크샐러드는 금융뿐만 아니라 건강영역으로 확장하여 차별화 포인트를 두고 마이데이터 시장을 선도하고 있습니다. 고객의 각종 건강 기록과 비대면 건강 검사 데이터를 제공하고 분석하여 개인 맞춤형으로 건강관리가 가능한 건강 마이데이터 영역의 선구적인 플랫폼으로 거듭나고 있습니다. 고객들의 삶의 주요 영역인 금융과 건강 데이터를 유기적으로 이어 나가서 데이터 시너지를 기반으로 한 다양한 혁신 서비스를 지속적으로 제공할 예정입니다.

뱅크샐러드 준법지원(Compliance) 부서는 다양한 사업 분야에서 발생할 수 있는 위험들을 효과적으로 예방하고, 회사와 이용자 간의 이해상충을 방지할 수 있는 내부통제 및 준법감시 시스템을 구축하여 회사의 준법경영을 효과적으로 지원합니다.","• FDS 시스템을 기획하고 예방/대응 정책 수립 및 효율적인 운영과 함께 프로세스 고도화를 수행합니다.
• 금융소비자보호법, 신용정보법, 전자금융거래법 등 관련 규제의 준수 여부를 점검합니다.
• 정기 모니터링 가이드 및 매뉴얼 제·개정을 담당합니다.
• 금융소비자 민원을 조사하고, 규제기관 보고 및  검사 대응 업무를 담당합니다.  
• 전기통신금융사기 관련 대응 업무를 수행합니다.","• 3년 이상의 이상거래탐지시스템(FDS) 기획과 운영 경험이 필요합니다.
• SQL을 활용한 데이터 분석 경험이 필요합니다.
• 높은 준법의식을 가지신 분이어야 합니다.
• 원활한 대내외 커뮤니케이션과 협업을 통해 문제를 해결할 수 있는 능력이 필요합니다.","• IT 기술에 대한 이해를 가지고, 데이터 분석을 통해 문제를 해결한 다양한 경험이 있으면 좋습니다.
• 각종 금융 규제 준수와 관련된 준법업무 경험이 있으면 좋습니다. 
• 고객경험 및 민원 대응 업무 또는 유사 업무 경험이 있으면 좋습니다.
• 수평적 조직 문화를 가진 스타트업을 경험해 보신 분이면 더 좋습니다.","• 점심식사 사내 제공
• 유연근무제 시행
• 전 직군 최고 사양의 노트북 지급",,"커피·스낵바, 편의시설, 장비지원, 유급휴가, 연봉상위2~5%, 51~300명, 보너스, AI 선도 기업, 설립10년이상, 누적투자100억이상, 유연근무",상시채용,,서울 마포구,뱅크샐러드
근무세무사 (3년이상),"• 에스제이택스는 풍부한 실무경험을 터득한 대표 세무사와 기장 및 다양한 세무용역서비스를 제공하고 있습니다.
현재 30여 명으로 구성된 세무팀이 있으며 기장팀 관리를 위한 세무사님을 추가로 채용하고자 합니다.
병의원, 소상공인, 법인, 제조업, 건설업, 수출임업등 다양한 업종과 규모의 기장업무를 경험하실 수 있습니다.","• 세무기장 업무 관리 및 내부 결재 업무(주요 업체 기장업무)
• 재산세제, 법인컨설팅",• 세무경력 3년이상,"내부 관리직(팀장급) 경험을 하신 분
오랫동안 함께 하시면서 파트너로 성장하실 분
구글, 오피스(한글,엑셀),등에 능하신 분","• 사택지원
• 인센티브
• 근무차량 지원
• 프로필 촬영
• 자율복장
• 카페테리아
• 식대, 외식, 회식 지원
• 생일 축하금
• 도서지원
• 명절선물",,"자기계발지원, 자율복장, 보너스, 편의시설, 식대지원, 설립4~9년",상시채용,,전북,에스제이택스(SJ TAX)
재무팀 공시IR담당자,"GI INNOVATION과 함께 글로벌 신약개발의 꿈을 펼쳐나갈 유능한 GIANT를 모집합니다.
GIANT는 새로운 가치에 도전하는 GI의 구성원을 뜻합니다.
혁신적 가치를 만들고 싶다면 주저하지 말고 GI의 문을 두드리세요.

GI INNOVATION에서는 함께 여정을 펼쳐나갈 재무팀원을 모집중에 있습니다.
공시IR담당자 1인을 모집하오니 많은 지원 바랍니다.","[공시IR담당자]
• 정기공시, 지분공시, 수시공시, 포괄공시 진행
• 한국거래소, 금융감독원, 예탁결제원 관련업무
• 주식사무(주식매수선택권등) 진행
• 주주총회, 이사회 및 이사회 내 위원회 자문
• 기관투자자, 증권사 애널리스트, 언론사 등 대응지원
• IR자료, 보도자료작성/배포지원
• NDR, DR, 기업탐방 대응지","[공시IR담당자]
• 학사 학위 이상 소유자
• 경력 3년 ~ 5년자
• 제약/바이오 상장회사 공시/IR 경험자
• Dart/공시관련 사이트 능숙자","[공시IR담당자]
• 경영/회계/금융 관련학과
• 자본시장/바이오산업 이해","• 식사지원제도 
   - 중식대 월 20만원 지원
   - 조식 및 간식 지원
• 건강관리 지원제도 
   - 체력증진비 월 10만원 지원
   - 연 1회 종합건강검진 지원
• 경조사 지원
   - 경조금 및 경조휴가 지원
   - 애사시 상조용품 지원
   - 축하/근조화환 제공
• 연차제도
   - 법정연차 외 리프레쉬 휴가 제공 (기본 30개,  최대 40개)
• 유연근무제도
   - 주 40시간 근무 준수
   - 출퇴근시간 조정 가능
   - 재택근무
• 그 밖의 복지
   - 법인회워논도 연 2박 지원
   - 생일자 상품권 10만원 지원
   - 주택자금 대여금 지원
   - 임직원 단체보험",,"IR, 공시",,,서울 송파구,지아이이노베이션
부동산 중개 업무,"• (신입,경력 환영)부동산 중개
• 2030대로 이루어진 자유로운 분위기의 부동산에서 함께 성장합시다","• 매매,임대차 등 고객의 니즈에 맞는 집을 매칭시켜드리는 중개업무
• 매물 현장 안내,일반 사무업무","• 학력무관
• 약속을 잘 지키고 본인의 역할을 충실히 수행하시는 분","차량 소유자
동종업 경력자","• 광고 지원(사원에게 맞는 플랫폼 지원)
• 주차 지원(월주차 일부 지원)
• 휴가 제도(월6회 월차,상/하반기 휴가 별도)
• 듀얼 모니터,PC 지원
• 오늘의 날(술회식 No!,상/하반기 문화의날)
• 인센티브 지급(매달 팀성과 지급)",,보너스,상시채용,,서울 강남구,오늘의공간
Quantitative Researcher,"세계 최고 수준의 금융 예측모델 연구개발 전문기업 슈페릭스에서 다양한 관련 경력을 갖춘 우수한 동료 직원들과 함께 일하실 분들을 찾습니다.
최고의 인재에 걸맞는 최고의 대우와 근무 환경을 제공합니다.","• 머신러닝, 딥러닝, 응용수학 현대 통계학 기법들을 이용한 금융시장 모델을 연구
• 금융 시장 모델을 바탕으로 트레이딩 알고리즘을 개발","• 유관 경력 3년 이상 혹은 그에 준하는 역량
• 금융시장에서의 계량적 접근방식에 대한 이해를 가지신 분
• 투자전략에 적용 가능한 아이디어가 있으신 분","• 관련 학과 석사 및 박사학위
• 하나 이상의 프로그래밍 언어에 익숙하신 분
• 대량의 데이터를 분석한 경험이 있으신 분","최고의 인재에 걸맞는 최고의 대우
   • 능력에 따른 업계 최고 수준의 급여
   • 성과, 기여에 따른 매우 경쟁력 있는 성과급 제도

성장을 위한 아낌없는 지원 
   • 모든 식사 및 다양한 간식 무제한 제공
   • 업무에 필요한 도서/소프트웨어 구매 지원
   
슈페릭스 가족도 건강할 수 있도록
   • 본인 외 가족구성원 포함 단체상해보험 가입
   • 매년 100만원 상당의 종합 건강검진 지원 (본인 및 가족)

업무에 몰입할 수 있는 환경
   • 최신형 고급 장비 지원 (맥북프로, 4K 모니터 등)
   • 건강한 자세를 위한 최고급 업무의자 제공 (에르고 휴먼 V2 Pro)
   • 폭 1600 넓은 L자 책상 및 원하는 사람에게는 스탠딩 데스크 제공

이외에도 다양한 것을 지원해드려요!
   • 각종 경조 휴가 및 경조금 지원
   • 생일 축하금 지급 및 소소한 생일파티 진행
   • 안마의자, 탁구대, 보드게임 마련
   • 내일채움공제 실시",,"건강검진지원, 커피·스낵바, 편의시설, 보너스, 장비지원, 50명이하, 설립4~9년, AI 선도 기업, 연봉상위6~10%",상시채용,,서울 강남구,슈페릭스
암호화폐(코인) 전문 트레이더,디핀과 함께 성장할 암호화폐(코인) 전문 트레이더 채용,"• 암호화폐/선물/현물리딩
• 선물거래 차트분석
• 암호화폐 시장 분석 및 이슈파악","• 암호화폐에 대한 이해도가 높은 자
• 암호화폐 투자 경험자
• 암호화폐 시장현황 브리핑 가능자","• 금융관련 자격증 보유자
• 동종업계 경력자
• 코인/선물 리딩방 경력자
• 포트폴리오 제출","• 식대 제공
• 명절 선물
• 무제한 간식
• 우수 사원 포상
• 탁 트인 뷰가 우수한 신축 오피스",,"편의시설, 커피·스낵바, 유망산업, 식대지원, 장비지원, 보너스, 자기계발지원",상시채용,,서울 강남구,케이에스티씨
부동산 중개 업무,"• (신입,경력 환영)부동산 중개
• 2030대로 이루어진 자유로운 분위기의 부동산에서 함께 성장합시다","• 부동산 중개 업무
•","• 서비스 마인드
• 함께 성장할 열정적인 분","차량 소유자, 동종업 경력자","• 광고 지원(사원에게 맞는 플랫폼 지원)
• 주차 지원(월주차 일부 지원)
• 휴가 제도(월6회 월차,상/하반기 휴가 별도)
• 듀얼 모니터,PC 지원
• 오늘의 날(상/하반기 문화의날)
• 인센티브 지급(매달 팀성과 지급)",,보너스,상시채용,,서울 강남구,오늘의공간
재무팀 대리급,"재무팀 직원은 CFO의 지시에 따라 조직의 재무 건전성을 유지하는 데 도움을 주는 역할을 합니다. 이것에는 거래 처리, 지출 예산 모니터링, 월 결산 업무, 분기말 감사 업무, 격주 창고 재고 감사, 납세 및 반환에 필요한 서류 작성 및 할당된 관련 기타 업무를 포함합니다.

또한 이 직책은 조직의 재무 건전성을 유지하는데 필요한 회계 정책 및 절차를 생성 또는 변경, 구현 및 시행하는 데 도움을 주는 역할을 합니다. 이는 일반적으로 인정되는 회계 원칙 (GAAP)을 철저히 이해함으로써 수행해야 합니다. 이 직책은 일반 회계, 미지급금, 미수금 계정, 급여 및 세금 보고 관련 업무를 지원합니다.","• 일반 대장 모니터링 및 유지관리
• 매월 말 대차대조표 계정 및 모든 자회사 원장에 대한 계정 분석 및 조정 수행
• 대차대조표, 손익계산서, 월별 결산보고서 및 기타 보고서를 작성하여 회사의 재무상태와 예산 요약
• 급여세 신고를 위한 분기 및 연간 급여 데이터 분석 지원
• 생산 및 규제 자금 조달 비용 보고서를 모니터링 및 검토
• 재무 데이터를 지속적으로 분석하고 재무 보고서를 적시에 정확히 제시 & 월별, 분기별 및 연간 재무제표 전달
• 연간 예산 책정 및 계획 프로세스에서 CFO 지원, 모든 재무 계획의 관리 및 검토를 지원하고, 필요에 따라 차이를 식별, 설명 및 수정하기 위해 실제 결과와 비교
• 전산화된 금융 프로그램의 모범 사례에 따라 컴퓨터 시스템에 입력할 재무 정보 준비","• 최소: 공인 4년제 대학 졸업 또는 회계학 또는 재무 학위를 취득. 2-4년의 점진적인 회계 책임 경험
• Microsoft Dynamic, Microsoft Office 제품군, Internet Explorer, 인벤토리 소프트웨어 및 프로젝트 관리 소프트웨어에 대한 지식 선호
• 공인회계사(CPA) 자격 높은 우대","• 성과 인센티브 프로그램(매월/상반기/연말)
• 명절 보너스(설날 & 추석)
• 자기 개발 비용 지원(연 최대 50만원)
• 여름 유급휴가 3일
• 크리스마스 이브 & 새해 유급휴가 제공
• 재택근무 지원(월 1회)
• 생일자 오후 반차 제공 & 생일 선물
• AXIS-Y 제품 웰컴 키트 제공
• 장기근속자 인센티브 플랜(2년 근무시: 200만원 / 3년 근무시: 300만원)
• 유급병가 3일 제공(1년 이상 근무자)
• AXIS-Y 전제품 50% 직원가 할인 제공
• Cafe ay 전메뉴 30% 직원가 할인 제공
• 경조사 휴가 및 경조사금 지원
• 직원 건강검진 지원
• 팀 회식(점심/저녁) 지원
• 직원 추천시 추천 지원금 제공
• 매월 10일 도넛 데이
• 커피/음료/간식 제공",,,"유급휴가, 커피·스낵바, 건강검진지원, 보너스, 50명이하, 설립4~9년, 인원 급성장, 재택근무",상시채용,"신속 간결한 스타일, 과정 중심 질문, 친절/따뜻한 스타일, 자유롭고 편한 환경",서울 강남구,아시아마스터트레이드
알고리즘 트레이더(계약직),"페블은 디지털 자산(가상 자산) 시장에서 알고리즘 트레이딩을 하는 투자 전문 회사 입니다.

전문성과 창의성을 바탕으로 디지털 자산(가상 자산) 시장 내 새로운 투자 아이디어를 만들어 낼 수 있는 분을 찾고 있습니다.","• 디지털 자산(가상 자산/블록체인) 투자 알고리즘 개발 및 트레이딩
• 디지털 자산(가상 자산/블록체인) 시장의 트렌드 및 기술 발달 등 분석을 통한 투자 시사점 도출

전형절차
• 서류(국문 또는 영문 이력서) - 면접 - 채용
• 유의사항 : 전형 상 허위사실이 발견될 경우 채용확정 이후라도 채용이 취소될 수 있습니다. 면접은 서류전형 합격자에 개별통지 합니다

근무조건
• 계약직(1년 계약직 이후 정규직 전환 협의 가능)","• 퀀트, HFT 경력 우대
• 디지털 자산 시장에 대한 높은 이해도 및 투자 경험 우대",• 재택근무,,,"유망산업, 50명이하, 설립3년이하, 재택근무",상시채용,,서울,페블
